key,population,population_male,population_female
CL,17574003,8972014,8601989
CL_AI,103158,49511,53647
CL_AI_11101,57818,29055,28763
CL_AI_11102,852,358,494
CL_AI_11201,23959,11240,12719
CL_AI_11202,6517,2595,3922
CL_AI_11203,1843,677,1166
CL_AI_11301,3490,1588,1902
CL_AI_11302,625,251,374
CL_AI_11303,523,238,285
CL_AI_11401,4865,2288,2577
CL_AI_11402,2666,1221,1445
CL_AN,607534,292520,315014
CL_AN_02101,361873,180027,181846
CL_AN_02102,13467,5432,8035
CL_AN_02103,10186,1524,8662
CL_AN_02104,13317,5836,7481
CL_AN_02201,165731,79682,86049
CL_AN_02202,321,114,207
CL_AN_02203,10996,4835,6161
CL_AN_02301,25186,12705,12481
CL_AN_02302,6457,2365,4092
CL_AP,226068,113487,112581
CL_AP_15101,221364,111975,109389
CL_AP_15102,1255,529,726
CL_AP_15201,2765,711,2054
CL_AP_15202,684,272,412
CL_AR,957224,492093,465131
CL_AR_09101,282415,148126,134289
CL_AR_09102,24533,12331,12202
CL_AR_09103,17526,8761,8765
CL_AR_09104,7489,3668,3821
CL_AR_09105,24606,12193,12413
CL_AR_09106,11996,5964,6032
CL_AR_09107,14414,7469,6945
CL_AR_09108,38013,19565,18448
CL_AR_09109,23612,12110,11502
CL_AR_09110,6138,3047,3091
CL_AR_09111,32510,16640,15870
CL_AR_09112,76126,39130,36996
CL_AR_09113,6905,3510,3395
CL_AR_09114,24837,12772,12065
CL_AR_09115,28523,14417,14106
CL_AR_09116,12450,6321,6129
CL_AR_09117,15045,7519,7526
CL_AR_09118,9722,4839,4883
CL_AR_09119,28151,14278,13873
CL_AR_09120,55478,28282,27196
CL_AR_09121,11611,5838,5773
CL_AR_09201,53262,27649,25613
CL_AR_09202,24598,12534,12064
CL_AR_09203,17413,9037,8376
CL_AR_09204,7733,3916,3817
CL_AR_09205,10251,4905,5346
CL_AR_09206,7265,3658,3607
CL_AR_09207,9548,4621,4927
CL_AR_09208,11779,6102,5677
CL_AR_09209,10250,5293,4957
CL_AR_09210,18843,9824,9019
CL_AR_09211,34182,17774,16408
CL_AT,286168,141748,144420
CL_AT_03101,153937,77310,76627
CL_AT_03102,17662,8568,9094
CL_AT_03103,14019,6223,7796
CL_AT_03201,12219,5949,6270
CL_AT_03202,13925,6439,7486
CL_AT_03301,51917,26495,25422
CL_AT_03302,5299,2374,2925
CL_AT_03303,7041,3484,3557
CL_AT_03304,10149,4906,5243
CL_BI,1556805,806075,750730
CL_BI_08101,223574,115950,107624
CL_BI_08102,116262,60463,55799
CL_BI_08103,85938,45433,40505
CL_BI_08104,10624,5238,5386
CL_BI_08105,24333,12490,11843
CL_BI_08106,43535,22585,20950
CL_BI_08107,47367,24750,22617
CL_BI_08108,131808,68867,62941
CL_BI_08109,13749,6998,6751
CL_BI_08110,151749,78756,72993
CL_BI_08111,54946,29027,25919
CL_BI_08112,91773,48285,43488
CL_BI_08201,25522,13081,12441
CL_BI_08202,36257,18382,17875
CL_BI_08203,34537,17896,16641
CL_BI_08204,6031,3003,3028
CL_BI_08205,32288,16460,15828
CL_BI_08206,21035,10832,10203
CL_BI_08207,10417,5222,5195
CL_BI_08301,202331,104351,97980
CL_BI_08302,4073,2098,1975
CL_BI_08303,28573,14399,14174
CL_BI_08304,22389,11645,10744
CL_BI_08305,29627,15030,14597
CL_BI_08306,26315,13353,12962
CL_BI_08307,9737,4924,4813
CL_BI_08308,3988,1987,2001
CL_BI_08309,9587,4867,4720
CL_BI_08310,3412,1751,1661
CL_BI_08311,13773,7074,6699
CL_BI_08312,14134,7258,6876
CL_BI_08313,21198,10733,10465
CL_BI_08314,5923,2887,3036
CL_CO,757586,388812,368774
CL_CO_04101,221054,115218,105836
CL_CO_04102,227730,117858,109872
CL_CO_04103,11044,5525,5519
CL_CO_04104,4241,2005,2236
CL_CO_04105,4497,2257,2240
CL_CO_04106,27771,13979,13792
CL_CO_04201,30848,16109,14739
CL_CO_04202,9093,4461,4632
CL_CO_04203,21382,10321,11061
CL_CO_04204,29347,13635,15712
CL_CO_04301,111272,57653,53619
CL_CO_04302,13322,6666,6656
CL_CO_04303,30751,15481,15270
CL_CO_04304,10956,5504,5452
CL_CO_04305,4278,2140,2138
CL_LI,914555,460845,453710
CL_LI_06101,241774,123832,117942
CL_LI_06102,12988,6478,6510
CL_LI_06103,7359,3630,3729
CL_LI_06104,19597,9791,9806
CL_LI_06105,20887,10493,10394
CL_LI_06106,33437,16803,16634
CL_LI_06107,24640,11984,12656
CL_LI_06108,52505,26920,25585
CL_LI_06109,13407,6588,6819
CL_LI_06110,25343,12680,12663
CL_LI_06111,13608,6786,6822
CL_LI_06112,14313,7076,7237
CL_LI_06113,19714,9634,10080
CL_LI_06114,13002,6483,6519
CL_LI_06115,58825,29981,28844
CL_LI_06116,27968,13843,14125
CL_LI_06117,46766,23464,23302
CL_LI_06201,16394,8105,8289
CL_LI_06202,3041,1438,1603
CL_LI_06203,6294,3007,3287
CL_LI_06204,7308,3563,3745
CL_LI_06205,6641,3166,3475
CL_LI_06206,6188,2968,3220
CL_LI_06301,73973,37896,36077
CL_LI_06302,15037,7460,7577
CL_LI_06303,35399,17575,17824
CL_LI_06304,6811,3340,3471
CL_LI_06305,17833,9003,8830
CL_LI_06306,12482,6151,6331
CL_LI_06307,11007,5469,5538
CL_LI_06308,8738,4306,4432
CL_LI_06309,3421,1670,1751
CL_LI_06310,37855,19262,18593
CL_LL,828708,419308,409400
CL_LL_10101,245902,124883,121019
CL_LL_10102,33985,16881,17104
CL_LL_10103,4023,1828,2195
CL_LL_10104,12261,6080,6181
CL_LL_10105,18428,9335,9093
CL_LL_10106,17068,8387,8681
CL_LL_10107,17591,8964,8627
CL_LL_10108,14216,6985,7231
CL_LL_10109,44578,22700,21878
CL_LL_10201,43807,22336,21471
CL_LL_10202,38991,19962,19029
CL_LL_10203,14858,7413,7445
CL_LL_10204,3829,1976,1853
CL_LL_10205,13762,6849,6913
CL_LL_10206,3921,1948,1973
CL_LL_10207,5385,2612,2773
CL_LL_10208,27192,13335,13857
CL_LL_10209,8352,4044,4308
CL_LL_10210,8088,4147,3941
CL_LL_10301,161460,84305,77155
CL_LL_10302,8999,4278,4721
CL_LL_10303,20369,10393,9976
CL_LL_10304,11667,5709,5958
CL_LL_10305,14085,7034,7051
CL_LL_10306,7512,3501,4011
CL_LL_10307,10030,5052,4978
CL_LL_10401,5071,2055,3016
CL_LL_10402,2623,1248,1375
CL_LL_10403,8944,4243,4701
CL_LL_10404,1711,825,886
CL_LR,384837,195990,188847
CL_LR_14101,166080,85732,80348
CL_LR_14102,5302,2667,2635
CL_LR_14103,16752,8528,8224
CL_LR_14104,19634,9877,9757
CL_LR_14105,7095,3603,3492
CL_LR_14106,21278,10671,10607
CL_LR_14107,20188,10121,10067
CL_LR_14108,34539,17340,17199
CL_LR_14201,38036,19307,18729
CL_LR_14202,14665,7413,7252
CL_LR_14203,9896,4851,5045
CL_LR_14204,31372,15880,15492
CL_MA,166533,81284,85249
CL_MA_12101,131592,66054,65538
CL_MA_12102,274,83,191
CL_MA_12103,617,95,522
CL_MA_12104,799,180,619
CL_MA_12201,2063,868,1195
CL_MA_12202,138,12,126
CL_MA_12301,6801,2808,3993
CL_MA_12302,1158,228,930
CL_MA_12303,405,62,343
CL_MA_12401,21477,10485,10992
CL_MA_12402,1209,409,800
CL_ML,1044950,533326,511624
CL_ML_07101,220357,114735,105622
CL_ML_07102,46068,23063,23005
CL_ML_07103,9448,4596,4852
CL_ML_07104,4142,1943,2199
CL_ML_07105,49721,25462,24259
CL_ML_07106,8422,4191,4231
CL_ML_07107,8245,4003,4242
CL_ML_07108,13906,6660,7246
CL_ML_07109,43269,21592,21677
CL_ML_07110,9191,4622,4569
CL_ML_07201,40441,21127,19314
CL_ML_07202,8928,4478,4450
CL_ML_07203,7571,3806,3765
CL_ML_07301,149136,76625,72511
CL_ML_07302,9657,4774,4883
CL_ML_07303,6653,3300,3353
CL_ML_07304,45976,23341,22635
CL_ML_07305,10484,5246,5238
CL_ML_07306,15187,7563,7624
CL_ML_07307,18544,9160,9384
CL_ML_07308,28921,14157,14764
CL_ML_07309,4322,2105,2217
CL_ML_07401,93602,48931,44671
CL_ML_07402,20765,10560,10205
CL_ML_07403,30534,15052,15482
CL_ML_07404,41637,21472,20165
CL_ML_07405,19974,9920,10054
CL_ML_07406,45547,23545,22002
CL_ML_07407,16221,8341,7880
CL_ML_07408,18081,8956,9125
CL_NB,480609,248022,232587
CL_NB_16101,184739,97218,87521
CL_NB_16102,21493,11111,10382
CL_NB_16103,30907,16326,14581
CL_NB_16104,12044,6077,5967
CL_NB_16105,8448,4227,4221
CL_NB_16106,10827,5491,5336
CL_NB_16107,17485,8821,8664
CL_NB_16108,16079,8197,7882
CL_NB_16109,17787,8823,8964
CL_NB_16201,11594,5915,5679
CL_NB_16202,5012,2487,2525
CL_NB_16203,15995,8122,7873
CL_NB_16204,5213,2646,2567
CL_NB_16205,4862,2446,2416
CL_NB_16206,5755,2913,2842
CL_NB_16207,5401,2698,2703
CL_NB_16301,53024,27599,25425
CL_NB_16302,26881,13457,13424
CL_NB_16303,11152,5536,5616
CL_NB_16304,4308,2105,2203
CL_NB_16305,11603,5807,5796
CL_RM,7112808,3650541,3462267
CL_RM_13101,404495,197817,206678
CL_RM_13102,80832,41201,39631
CL_RM_13103,132622,67184,65438
CL_RM_13104,126955,65078,61877
CL_RM_13105,162505,83133,79372
CL_RM_13106,147041,73583,73458
CL_RM_13107,98671,50549,48122
CL_RM_13108,100281,51095,49186
CL_RM_13109,90119,46972,43147
CL_RM_13110,366916,191223,175693
CL_RM_13111,116571,59546,57025
CL_RM_13112,177335,90291,87044
CL_RM_13113,92787,49188,43599
CL_RM_13114,294838,158921,135917
CL_RM_13115,105833,55333,50500
CL_RM_13116,98804,49658,49146
CL_RM_13117,96249,49450,46799
CL_RM_13118,116534,61373,55161
CL_RM_13119,521627,270835,250792
CL_RM_13120,208237,112828,95409
CL_RM_13121,101174,51661,49513
CL_RM_13122,241599,124717,116882
CL_RM_13123,142079,76369,65710
CL_RM_13124,230293,117881,112412
CL_RM_13125,210410,106954,103456
CL_RM_13126,110026,56357,53669
CL_RM_13127,157851,80142,77709
CL_RM_13128,147151,74470,72681
CL_RM_13129,94492,48661,45831
CL_RM_13130,107954,57216,50738
CL_RM_13131,82900,42027,40873
CL_RM_13132,85384,46982,38402
CL_RM_13201,568106,292959,275147
CL_RM_13202,26521,13092,13429
CL_RM_13203,18189,8328,9861
CL_RM_13301,146207,71572,74635
CL_RM_13302,102034,50489,51545
CL_RM_13303,19312,9265,10047
CL_RM_13401,301313,153513,147800
CL_RM_13402,96614,49039,47575
CL_RM_13403,25392,12674,12718
CL_RM_13404,72759,36238,36521
CL_RM_13501,123627,62217,61410
CL_RM_13502,6444,2928,3516
CL_RM_13503,32579,16357,16222
CL_RM_13504,13590,6760,6830
CL_RM_13505,9726,4594,5132
CL_RM_13601,74237,37468,36769
CL_RM_13602,35923,18130,17793
CL_RM_13603,36219,18168,18051
CL_RM_13604,63250,31798,31452
CL_RM_13605,90201,46257,43944
CL_TA,330558,162765,167793
CL_TA_01101,191468,96571,94897
CL_TA_01107,108375,54169,54206
CL_TA_01401,15711,6724,8987
CL_TA_01402,1250,593,657
CL_TA_01403,1728,733,995
CL_TA_01404,2730,1229,1501
CL_TA_01405,9296,2746,6550
CL_VS,1815902,935687,880215
CL_VS_05101,296655,151710,144945
CL_VS_05102,26867,13521,13346
CL_VS_05103,42152,21831,20321
CL_VS_05104,926,427,499
CL_VS_05105,18546,9188,9358
CL_VS_05107,31923,16089,15834
CL_VS_05109,334248,175579,158669
CL_VS_05201,7750,3931,3819
CL_VS_05301,66708,33419,33289
CL_VS_05302,14832,7504,7328
CL_VS_05303,10207,5073,5134
CL_VS_05304,18855,9552,9303
CL_VS_05401,35390,18050,17340
CL_VS_05402,19388,9921,9467
CL_VS_05403,6356,3015,3341
CL_VS_05404,9826,4937,4889
CL_VS_05405,7339,3635,3704
CL_VS_05501,90517,46980,43537
CL_VS_05502,50554,26092,24462
CL_VS_05503,17988,8951,9037
CL_VS_05504,22098,11442,10656
CL_VS_05506,22120,11321,10799
CL_VS_05601,91350,46637,44713
CL_VS_05602,13817,7083,6734
CL_VS_05603,22738,11473,11265
CL_VS_05604,15955,8129,7826
CL_VS_05605,13286,6604,6682
CL_VS_05606,10900,5472,5428
CL_VS_05701,76844,39625,37219
CL_VS_05702,13998,7016,6982
CL_VS_05703,24608,12392,12216
CL_VS_05704,7273,3596,3677
CL_VS_05705,16754,8396,8358
CL_VS_05706,15241,7655,7586
CL_VS_05801,151708,79962,71746
CL_VS_05802,46121,23768,22353
CL_VS_05803,17516,8919,8597
CL_VS_05804,126548,66792,59756
MX,112336538,54855231,57481307
MX_AGU,1184996,576638,608358
MX_AGU_01001,797010,386429,410581
MX_AGU_01002,45492,22512,22980
MX_AGU_01003,54136,26250,27886
MX_AGU_01004,15042,7326,7716
MX_AGU_01005,99590,49090,50500
MX_AGU_01006,41862,20170,21692
MX_AGU_01007,49156,24067,25089
MX_AGU_01008,8443,4043,4400
MX_AGU_01009,19668,9600,10068
MX_AGU_01010,18828,9573,9255
MX_AGU_01011,35769,17578,18191
MX_BCN,3155070,1591610,1563460
MX_BCN_02001,466814,235130,231684
MX_BCN_02002,936826,473203,463623
MX_BCN_02003,101079,53323,47756
MX_BCN_02004,1559683,783653,776030
MX_BCN_02005,90668,46301,44367
MX_BCS,637026,325433,311593
MX_BCS_03001,70816,36436,34380
MX_BCS_03002,59114,30617,28497
MX_BCS_03003,251871,126397,125474
MX_BCS_03008,238487,123101,115386
MX_BCS_03009,16738,8882,7856
MX_CAM,822441,407721,414720
MX_CAM_04001,52890,26072,26818
MX_CAM_04002,259005,125561,133444
MX_CAM_04003,221094,110317,110777
MX_CAM_04004,83021,41760,41261
MX_CAM_04005,28306,14093,14213
MX_CAM_04006,37777,19306,18471
MX_CAM_04007,8352,4230,4122
MX_CAM_04008,9736,5002,4734
MX_CAM_04009,54184,26809,27375
MX_CAM_04010,26882,13647,13235
MX_CAM_04011,41194,20924,20270
MX_CHH,3406465,1692545,1713920
MX_CHH_08001,11457,5852,5605
MX_CHH_08002,22302,11099,11203
MX_CHH_08003,8409,4258,4151
MX_CHH_08004,10688,6272,4416
MX_CHH_08005,23975,12207,11768
MX_CHH_08006,6011,3074,2937
MX_CHH_08007,17672,8980,8692
MX_CHH_08008,14362,7297,7065
MX_CHH_08009,28766,14147,14619
MX_CHH_08010,22378,11287,11091
MX_CHH_08011,48748,24032,24716
MX_CHH_08012,8795,4403,4392
MX_CHH_08013,10587,5380,5207
MX_CHH_08014,2284,1184,1100
MX_CHH_08015,1681,917,764
MX_CHH_08016,3982,2043,1939
MX_CHH_08017,154639,75936,78703
MX_CHH_08018,5414,2812,2602
MX_CHH_08019,819543,399495,420048
MX_CHH_08020,8441,4448,3993
MX_CHH_08021,137935,68013,69922
MX_CHH_08022,2911,1478,1433
MX_CHH_08023,5892,2941,2951
MX_CHH_08024,3937,1979,1958
MX_CHH_08025,8624,4295,4329
MX_CHH_08026,3209,1655,1554
MX_CHH_08027,49689,24624,25065
MX_CHH_08028,6458,3243,3215
MX_CHH_08029,53499,27053,26446
MX_CHH_08030,8998,4600,4398
MX_CHH_08031,39626,19912,19714
MX_CHH_08032,107061,51883,55178
MX_CHH_08033,1049,522,527
MX_CHH_08034,6934,3534,3400
MX_CHH_08035,10953,5727,5226
MX_CHH_08036,41265,20564,20701
MX_CHH_08037,1332131,665691,666440
MX_CHH_08038,4953,2553,2400
MX_CHH_08039,4025,2101,1924
MX_CHH_08040,29611,14969,14642
MX_CHH_08041,1921,994,927
MX_CHH_08042,1601,871,730
MX_CHH_08043,3104,1578,1526
MX_CHH_08044,4499,2293,2206
MX_CHH_08045,43833,21930,21903
MX_CHH_08046,8343,4285,4058
MX_CHH_08047,5312,2775,2537
MX_CHH_08048,22880,11630,11250
MX_CHH_08049,2849,1479,1370
MX_CHH_08050,59337,29058,30279
MX_CHH_08051,7546,3935,3611
MX_CHH_08052,26304,13290,13014
MX_CHH_08053,4799,2433,2366
MX_CHH_08054,8012,4076,3936
MX_CHH_08055,16785,8526,8259
MX_CHH_08056,2235,1131,1104
MX_CHH_08057,2290,1183,1107
MX_CHH_08058,2983,1549,1434
MX_CHH_08059,4753,2399,2354
MX_CHH_08060,10427,5183,5244
MX_CHH_08061,3662,1908,1754
MX_CHH_08062,32325,16275,16050
MX_CHH_08063,6211,3216,2995
MX_CHH_08064,1869,960,909
MX_CHH_08065,20386,10342,10044
MX_CHH_08066,8200,4150,4050
MX_CHH_08067,5105,2636,2469
MX_CHP,4796580,2352807,2443773
MX_CHP_07001,16814,8436,8378
MX_CHP_07002,28947,14473,14474
MX_CHP_07003,27580,13891,13689
MX_CHP_07004,29865,15019,14846
MX_CHP_07005,21275,10791,10484
MX_CHP_07006,29547,14447,15100
MX_CHP_07007,8728,4183,4545
MX_CHP_07008,26628,13359,13269
MX_CHP_07009,40042,19534,20508
MX_CHP_07010,7623,3856,3767
MX_CHP_07011,19281,9522,9759
MX_CHP_07012,43179,21562,21617
MX_CHP_07013,30642,15219,15423
MX_CHP_07014,18559,9090,9469
MX_CHP_07015,43811,21417,22394
MX_CHP_07016,17140,8747,8393
MX_CHP_07017,78114,39239,38875
MX_CHP_07018,8444,4200,4244
MX_CHP_07019,141013,67691,73322
MX_CHP_07020,44082,22120,21962
MX_CHP_07021,21050,10375,10675
MX_CHP_07022,14027,6919,7108
MX_CHP_07023,76941,35555,41386
MX_CHP_07024,10817,5376,5441
MX_CHP_07025,7332,3660,3672
MX_CHP_07026,36111,17820,18291
MX_CHP_07027,87603,43301,44302
MX_CHP_07028,5405,2781,2624
MX_CHP_07029,5018,2516,2502
MX_CHP_07030,31515,15715,15800
MX_CHP_07031,111554,55205,56349
MX_CHP_07032,30068,14786,15282
MX_CHP_07033,7000,3540,3460
MX_CHP_07034,67012,32631,34381
MX_CHP_07035,12665,6229,6436
MX_CHP_07036,7272,3649,3623
MX_CHP_07037,33444,16355,17089
MX_CHP_07038,21507,10599,10908
MX_CHP_07039,22536,11368,11168
MX_CHP_07040,51359,24914,26445
MX_CHP_07041,41266,20256,21010
MX_CHP_07042,10239,5070,5169
MX_CHP_07043,10176,5077,5099
MX_CHP_07044,24517,12121,12396
MX_CHP_07045,5478,2775,2703
MX_CHP_07046,37818,18758,19060
MX_CHP_07047,18683,9448,9235
MX_CHP_07048,21084,10481,10603
MX_CHP_07049,20349,10035,10314
MX_CHP_07050,4974,2441,2533
MX_CHP_07051,43913,21680,22233
MX_CHP_07052,111484,54787,56697
MX_CHP_07053,7793,3868,3925
MX_CHP_07054,26573,13165,13408
MX_CHP_07055,5033,2432,2601
MX_CHP_07056,11157,5497,5660
MX_CHP_07057,69119,34033,35086
MX_CHP_07058,4317,2226,2091
MX_CHP_07059,198877,99113,99764
MX_CHP_07060,11878,5893,5985
MX_CHP_07061,82059,40580,41479
MX_CHP_07062,17067,8614,8453
MX_CHP_07063,3792,1894,1898
MX_CHP_07064,43350,21844,21506
MX_CHP_07065,110918,54786,56132
MX_CHP_07066,20589,10226,10363
MX_CHP_07067,10870,5399,5471
MX_CHP_07068,29813,14820,14993
MX_CHP_07069,50079,24803,25276
MX_CHP_07070,13201,6586,6615
MX_CHP_07071,27899,13850,14049
MX_CHP_07072,31075,15104,15971
MX_CHP_07073,9002,4482,4520
MX_CHP_07074,40711,20004,20707
MX_CHP_07075,25530,12659,12871
MX_CHP_07076,25187,12606,12581
MX_CHP_07077,57253,28433,28820
MX_CHP_07078,185917,88996,96921
MX_CHP_07079,33060,16685,16375
MX_CHP_07080,38143,19349,18794
MX_CHP_07081,40297,19875,20422
MX_CHP_07082,12269,6113,6156
MX_CHP_07083,17125,8527,8598
MX_CHP_07084,8065,4054,4011
MX_CHP_07085,9740,4887,4853
MX_CHP_07086,21045,10551,10494
MX_CHP_07087,35056,17171,17885
MX_CHP_07088,2235,1143,1092
MX_CHP_07089,320451,154221,166230
MX_CHP_07090,4121,2002,2119
MX_CHP_07091,12170,6009,6161
MX_CHP_07092,41045,20420,20625
MX_CHP_07093,40268,19761,20507
MX_CHP_07094,37607,18230,19377
MX_CHP_07096,71432,35704,35728
MX_CHP_07097,84594,41927,42667
MX_CHP_07098,6375,3189,3186
MX_CHP_07099,72769,35593,37176
MX_CHP_07100,31723,15591,16132
MX_CHP_07101,553374,263941,289433
MX_CHP_07102,37737,18487,19250
MX_CHP_07103,28137,13896,14241
MX_CHP_07104,14009,6884,7125
MX_CHP_07105,14089,6883,7206
MX_CHP_07106,61341,30774,30567
MX_CHP_07107,74477,36798,37679
MX_CHP_07108,98618,48595,50023
MX_CHP_07109,34028,16644,17384
MX_CHP_07110,6734,3404,3330
MX_CHP_07111,36489,17176,19313
MX_CHP_07112,29016,14154,14862
MX_CHP_07113,5072,2438,2634
MX_CHP_07114,17282,8695,8587
MX_CHP_07115,11451,5835,5616
MX_CHP_07116,9856,4993,4863
MX_CHP_07117,6900,3474,3426
MX_CHP_07118,4545,2195,2350
MX_CHP_07119,3245,1607,1638
MX_CMX,8851080,4233783,4617297
MX_CMX_09002,414711,196053,218658
MX_CMX_09003,620416,292491,327925
MX_CMX_09004,186391,88642,97749
MX_CMX_09005,1185772,571233,614539
MX_CMX_09006,384326,182534,201792
MX_CMX_09007,1815786,880998,934788
MX_CMX_09008,239086,114492,124594
MX_CMX_09009,130582,64192,66390
MX_CMX_09010,727034,346041,380993
MX_CMX_09011,360265,175210,185055
MX_CMX_09012,650567,312139,338428
MX_CMX_09013,415007,205305,209702
MX_CMX_09014,385439,176410,209029
MX_CMX_09015,531831,251725,280106
MX_CMX_09016,372889,172667,200222
MX_CMX_09017,430978,203651,227327
MX_COA,2748391,1364197,1384194
MX_COA_05001,1070,531,539
MX_COA_05002,136755,68350,68405
MX_COA_05003,22675,11114,11561
MX_COA_05004,22544,11540,11004
MX_COA_05005,1808,939,869
MX_COA_05006,25892,12945,12947
MX_COA_05007,13013,6565,6448
MX_COA_05008,2901,1475,1426
MX_COA_05009,55676,27739,27937
MX_COA_05010,75215,37561,37654
MX_COA_05011,11682,6071,5611
MX_COA_05012,2091,1115,976
MX_COA_05013,1852,955,897
MX_COA_05014,9935,5041,4894
MX_COA_05015,1599,827,772
MX_COA_05016,1835,941,894
MX_COA_05017,107160,53353,53807
MX_COA_05018,216206,107401,108805
MX_COA_05019,8207,4095,4112
MX_COA_05020,66834,33465,33369
MX_COA_05021,6335,3186,3149
MX_COA_05022,27928,14237,13691
MX_COA_05023,10991,5652,5339
MX_COA_05024,45401,23062,22339
MX_COA_05025,152806,76404,76402
MX_COA_05026,3473,1774,1699
MX_COA_05027,75461,38302,37159
MX_COA_05028,60847,30247,30600
MX_COA_05029,2314,1175,1139
MX_COA_05030,725123,359366,365757
MX_COA_05031,22149,11044,11105
MX_COA_05032,41649,20502,21147
MX_COA_05033,102650,51393,51257
MX_COA_05034,6375,3306,3069
MX_COA_05035,639629,312135,327494
MX_COA_05036,21319,10762,10557
MX_COA_05037,6289,3217,3072
MX_COA_05038,12702,6410,6292
MX_COL,650555,322790,327765
MX_COL_06001,28695,14456,14239
MX_COL_06002,146904,71556,75348
MX_COL_06003,20888,10543,10345
MX_COL_06004,19385,9709,9676
MX_COL_06005,27107,13483,13624
MX_COL_06006,5300,2679,2621
MX_COL_06007,161420,81007,80413
MX_COL_06008,8174,4196,3978
MX_COL_06009,112726,56804,55922
MX_COL_06010,119956,58357,61599
MX_DUR,1632934,803890,829044
MX_DUR_10001,31401,15633,15768
MX_DUR_10002,4122,2165,1957
MX_DUR_10003,4530,2244,2286
MX_DUR_10004,33664,16961,16703
MX_DUR_10005,582267,281702,300565
MX_DUR_10006,10629,5290,5339
MX_DUR_10007,327985,161736,166249
MX_DUR_10008,34052,16987,17065
MX_DUR_10009,10149,5203,4946
MX_DUR_10010,4265,2180,2085
MX_DUR_10011,5280,2635,2645
MX_DUR_10012,141043,69737,71306
MX_DUR_10013,25137,12549,12588
MX_DUR_10014,33396,16514,16882
MX_DUR_10015,12411,6162,6249
MX_DUR_10016,18488,9180,9308
MX_DUR_10017,9626,4955,4671
MX_DUR_10018,11320,5668,5652
MX_DUR_10019,5208,2682,2526
MX_DUR_10020,11927,5905,6022
MX_DUR_10021,10473,5309,5164
MX_DUR_10022,24918,12266,12652
MX_DUR_10023,49162,24407,24755
MX_DUR_10024,12788,6402,6386
MX_DUR_10025,3433,1805,1628
MX_DUR_10026,19691,10039,9652
MX_DUR_10027,5947,2930,3017
MX_DUR_10028,11855,5851,6004
MX_DUR_10029,2181,1112,1069
MX_DUR_10030,1709,875,834
MX_DUR_10031,7003,3500,3503
MX_DUR_10032,44966,22382,22584
MX_DUR_10033,6761,3240,3521
MX_DUR_10034,26368,13702,12666
MX_DUR_10035,10745,5282,5463
MX_DUR_10036,22244,11137,11107
MX_DUR_10037,8581,4395,4186
MX_DUR_10038,21117,10206,10911
MX_DUR_10039,26092,12962,13130
MX_GRO,3388768,1645561,1743207
MX_GRO_12001,789971,382276,407695
MX_GRO_12002,25027,11748,13279
MX_GRO_12003,38203,18342,19861
MX_GRO_12004,18971,8917,10054
MX_GRO_12005,6637,3114,3523
MX_GRO_12006,12389,5949,6440
MX_GRO_12007,32181,15644,16537
MX_GRO_12008,8390,4015,4375
MX_GRO_12009,5706,2728,2978
MX_GRO_12010,26341,12674,13667
MX_GRO_12011,61316,30113,31203
MX_GRO_12012,62690,30706,31984
MX_GRO_12013,14429,7102,7327
MX_GRO_12014,15019,7363,7656
MX_GRO_12015,12688,6192,6496
MX_GRO_12016,13025,6632,6393
MX_GRO_12017,14707,7060,7647
MX_GRO_12018,13636,6717,6919
MX_GRO_12019,14456,6860,7596
MX_GRO_12020,18855,9049,9806
MX_GRO_12021,73460,35960,37500
MX_GRO_12022,42069,21849,20220
MX_GRO_12023,25922,12944,12978
MX_GRO_12024,7007,3344,3663
MX_GRO_12025,15115,7554,7561
MX_GRO_12026,9166,4443,4723
MX_GRO_12027,21388,10528,10860
MX_GRO_12028,120790,57940,62850
MX_GRO_12029,241717,115443,126274
MX_GRO_12030,20175,9967,10208
MX_GRO_12031,6301,3042,3259
MX_GRO_12032,36586,18348,18238
MX_GRO_12033,14393,6823,7570
MX_GRO_12034,37364,17935,19429
MX_GRO_12035,140363,67611,72752
MX_GRO_12036,10815,5290,5525
MX_GRO_12037,6603,3148,3455
MX_GRO_12038,118211,58314,59897
MX_GRO_12039,24364,11949,12415
MX_GRO_12040,24720,12231,12489
MX_GRO_12041,29599,14110,15489
MX_GRO_12042,17702,8504,9198
MX_GRO_12043,18976,9014,9962
MX_GRO_12044,11376,5617,5759
MX_GRO_12045,24723,11878,12845
MX_GRO_12046,61306,29891,31415
MX_GRO_12047,6978,3215,3763
MX_GRO_12048,44979,22397,22582
MX_GRO_12049,11558,5597,5961
MX_GRO_12050,37035,17921,19114
MX_GRO_12051,34728,16855,17873
MX_GRO_12052,42360,20867,21493
MX_GRO_12053,48501,23896,24605
MX_GRO_12054,28009,13755,14254
MX_GRO_12055,104053,50432,53621
MX_GRO_12056,44079,21733,22346
MX_GRO_12057,62071,30871,31200
MX_GRO_12058,53769,25442,28327
MX_GRO_12059,30470,14612,15858
MX_GRO_12060,13128,6356,6772
MX_GRO_12061,40058,19369,20689
MX_GRO_12062,21306,10191,11115
MX_GRO_12063,9967,4734,5233
MX_GRO_12064,11495,5737,5758
MX_GRO_12065,7096,3396,3700
MX_GRO_12066,81419,38983,42436
MX_GRO_12067,21819,10558,11261
MX_GRO_12068,25712,13087,12625
MX_GRO_12069,12240,5690,6550
MX_GRO_12070,7079,3289,3790
MX_GRO_12071,28089,13646,14443
MX_GRO_12072,10516,5037,5479
MX_GRO_12073,18813,9799,9014
MX_GRO_12074,22587,10750,11837
MX_GRO_12075,46158,22634,23524
MX_GRO_12076,32792,16070,16722
MX_GRO_12077,12912,6396,6516
MX_GRO_12078,18778,8945,9833
MX_GRO_12079,15678,7743,7935
MX_GRO_12080,7166,3605,3561
MX_GRO_12081,10522,5075,5447
MX_GUA,5486372,2639425,2846947
MX_GUA_11001,84332,40281,44051
MX_GUA_11002,109030,51803,57227
MX_GUA_11003,160383,75878,84505
MX_GUA_11004,64433,31177,33256
MX_GUA_11005,85319,41038,44281
MX_GUA_11006,5610,2748,2862
MX_GUA_11007,468469,225024,243445
MX_GUA_11008,37145,17546,19599
MX_GUA_11009,77794,36430,41364
MX_GUA_11010,11691,5462,6229
MX_GUA_11011,88397,42650,45747
MX_GUA_11012,27308,13071,14237
MX_GUA_11013,23324,11129,12195
MX_GUA_11014,148173,69891,78282
MX_GUA_11015,171709,82830,88879
MX_GUA_11016,20117,9421,10696
MX_GUA_11017,529440,254784,274656
MX_GUA_11018,36584,17661,18923
MX_GUA_11019,50832,23555,27277
MX_GUA_11020,1436480,701781,734699
MX_GUA_11021,49364,23282,26082
MX_GUA_11022,22683,10870,11813
MX_GUA_11023,149936,70551,79385
MX_GUA_11024,11169,5201,5968
MX_GUA_11025,68795,33782,35013
MX_GUA_11026,56655,27274,29381
MX_GUA_11027,260732,126354,134378
MX_GUA_11028,97054,45885,51169
MX_GUA_11029,37103,17286,19817
MX_GUA_11030,106952,51340,55612
MX_GUA_11031,113570,55026,58544
MX_GUA_11032,72411,34637,37774
MX_GUA_11033,115656,54726,60930
MX_GUA_11034,5120,2401,2719
MX_GUA_11035,79214,37921,41293
MX_GUA_11036,6670,3111,3559
MX_GUA_11037,173024,83948,89076
MX_GUA_11038,11641,5511,6130
MX_GUA_11039,35571,16975,18596
MX_GUA_11040,18175,8765,9410
MX_GUA_11041,59305,28331,30974
MX_GUA_11042,141058,66846,74212
MX_GUA_11043,19820,9365,10455
MX_GUA_11044,55782,26905,28877
MX_GUA_11045,11560,5534,6026
MX_GUA_11046,70782,33438,37344
MX_HID,2665018,1285222,1379796
MX_HID_13001,20077,9669,10408
MX_HID_13002,40583,19390,21193
MX_HID_13003,54299,25741,28558
MX_HID_13004,8994,4294,4700
MX_HID_13005,17055,8375,8680
MX_HID_13006,18879,9208,9671
MX_HID_13007,11294,5593,5701
MX_HID_13008,42563,20359,22204
MX_HID_13009,17374,8267,9107
MX_HID_13010,26904,13253,13651
MX_HID_13011,19452,9370,10082
MX_HID_13012,26940,12776,14164
MX_HID_13013,31078,15193,15885
MX_HID_13014,16962,8195,8767
MX_HID_13015,18427,8919,9508
MX_HID_13016,54500,25893,28607
MX_HID_13017,12271,6044,6227
MX_HID_13018,22402,11328,11074
MX_HID_13019,17436,8491,8945
MX_HID_13020,2800,1321,1479
MX_HID_13021,13357,6322,7035
MX_HID_13022,13830,6739,7091
MX_HID_13023,33901,16202,17699
MX_HID_13024,17182,8261,8921
MX_HID_13025,22621,10930,11691
MX_HID_13026,12779,6295,6484
MX_HID_13027,23563,11427,12136
MX_HID_13028,122905,60254,62651
MX_HID_13029,44253,21176,23077
MX_HID_13030,86363,40740,45623
MX_HID_13031,12804,6098,6706
MX_HID_13032,10933,5416,5517
MX_HID_13033,3193,1546,1647
MX_HID_13034,9843,4831,5012
MX_HID_13035,11429,5339,6090
MX_HID_13036,9364,4480,4884
MX_HID_13037,21623,10255,11368
MX_HID_13038,7980,3875,4105
MX_HID_13039,13864,6599,7265
MX_HID_13040,10452,5147,5305
MX_HID_13041,42834,20483,22351
MX_HID_13042,11209,5519,5690
MX_HID_13043,6614,3177,3437
MX_HID_13044,15666,7689,7977
MX_HID_13045,8963,4299,4664
MX_HID_13046,39181,19406,19775
MX_HID_13047,5049,2354,2695
MX_HID_13048,267862,127236,140626
MX_HID_13049,18244,9115,9129
MX_HID_13050,22217,10536,11681
MX_HID_13051,127404,60921,66483
MX_HID_13052,32057,15597,16460
MX_HID_13053,18137,9006,9131
MX_HID_13054,32773,15794,16979
MX_HID_13055,16014,7763,8251
MX_HID_13056,33495,15938,17557
MX_HID_13057,14851,7252,7599
MX_HID_13058,16865,7744,9121
MX_HID_13059,35067,16658,18409
MX_HID_13060,17206,8307,8899
MX_HID_13061,51664,24741,26923
MX_HID_13062,29125,14788,14337
MX_HID_13063,80612,39569,41043
MX_HID_13064,9940,4830,5110
MX_HID_13065,11112,5465,5647
MX_HID_13066,11654,5732,5922
MX_HID_13067,48025,23622,24403
MX_HID_13068,14037,6853,7184
MX_HID_13069,97461,48102,49359
MX_HID_13070,17153,8401,8752
MX_HID_13071,9753,4821,4932
MX_HID_13072,10248,4944,5304
MX_HID_13073,36382,17975,18407
MX_HID_13074,26758,13076,13682
MX_HID_13075,13228,6454,6774
MX_HID_13076,103919,50490,53429
MX_HID_13077,151584,71287,80297
MX_HID_13078,19067,9364,9703
MX_HID_13079,7320,3618,3702
MX_HID_13080,23607,11574,12033
MX_HID_13081,32437,15416,17021
MX_HID_13082,18036,8678,9358
MX_HID_13083,39143,19069,20074
MX_HID_13084,38516,17948,20568
MX_JAL,7350682,3600641,3750041
MX_JAL_14001,21206,10348,10858
MX_JAL_14002,23241,12220,11021
MX_JAL_14003,21714,10677,11037
MX_JAL_14004,5545,2674,2871
MX_JAL_14005,14648,7273,7375
MX_JAL_14006,57340,28013,29327
MX_JAL_14007,8896,4461,4435
MX_JAL_14008,72812,35135,37677
MX_JAL_14009,17545,8631,8914
MX_JAL_14010,6655,3303,3352
MX_JAL_14011,5400,2797,2603
MX_JAL_14012,4115,2014,2101
MX_JAL_14013,57717,28217,29500
MX_JAL_14014,8276,3962,4314
MX_JAL_14015,57559,28210,29349
MX_JAL_14016,38291,18603,19688
MX_JAL_14017,12664,6308,6356
MX_JAL_14018,64269,30920,33349
MX_JAL_14019,6820,3384,3436
MX_JAL_14020,10029,5176,4853
MX_JAL_14021,21475,10667,10808
MX_JAL_14022,39020,19694,19326
MX_JAL_14023,100534,48661,51873
MX_JAL_14024,26174,12721,13453
MX_JAL_14025,18091,8711,9380
MX_JAL_14026,5933,3011,2922
MX_JAL_14027,17322,8763,8559
MX_JAL_14028,2171,1045,1126
MX_JAL_14029,17795,8488,9307
MX_JAL_14030,48839,23902,24937
MX_JAL_14031,3771,1869,1902
MX_JAL_14032,5814,2896,2918
MX_JAL_14033,21132,10119,11013
MX_JAL_14034,2082,1072,1010
MX_JAL_14035,51396,24692,26704
MX_JAL_14036,18632,9157,9475
MX_JAL_14037,23845,11622,12223
MX_JAL_14038,4323,2178,2145
MX_JAL_14039,1495189,717404,777785
MX_JAL_14040,10284,5501,4783
MX_JAL_14041,6084,2905,3179
MX_JAL_14042,8781,4237,4544
MX_JAL_14043,23428,11845,11583
MX_JAL_14044,41060,20419,20641
MX_JAL_14045,19005,9175,9830
MX_JAL_14046,31948,15598,16350
MX_JAL_14047,22881,11337,11544
MX_JAL_14048,18634,8571,10063
MX_JAL_14049,9545,4905,4640
MX_JAL_14050,42164,20839,21325
MX_JAL_14051,13218,6675,6543
MX_JAL_14052,5515,2637,2878
MX_JAL_14053,153817,74472,79345
MX_JAL_14054,5499,2752,2747
MX_JAL_14055,21321,10583,10738
MX_JAL_14056,2517,1273,1244
MX_JAL_14057,3755,1790,1965
MX_JAL_14058,14245,7010,7235
MX_JAL_14059,13225,6288,6937
MX_JAL_14060,6034,2777,3257
MX_JAL_14061,18084,8745,9339
MX_JAL_14062,3574,1800,1774
MX_JAL_14063,92967,45453,47514
MX_JAL_14064,30097,14636,15461
MX_JAL_14065,12119,6045,6074
MX_JAL_14066,48408,23721,24687
MX_JAL_14067,255681,128577,127104
MX_JAL_14068,11623,5933,5690
MX_JAL_14069,8691,4066,4625
MX_JAL_14070,138226,69006,69220
MX_JAL_14071,3176,1583,1593
MX_JAL_14072,6647,3172,3475
MX_JAL_14073,65219,32066,33153
MX_JAL_14074,15454,7296,8158
MX_JAL_14075,3762,1918,1844
MX_JAL_14076,3405,1704,1701
MX_JAL_14077,26306,12785,13521
MX_JAL_14078,31166,14999,16167
MX_JAL_14079,14011,6778,7233
MX_JAL_14080,5755,3008,2747
MX_JAL_14081,3726,1758,1968
MX_JAL_14082,34829,16733,18096
MX_JAL_14083,69031,34313,34718
MX_JAL_14084,14410,7215,7195
MX_JAL_14085,37986,18512,19474
MX_JAL_14086,18096,8848,9248
MX_JAL_14087,16847,8220,8627
MX_JAL_14088,16573,8292,8281
MX_JAL_14089,3511,1722,1789
MX_JAL_14090,7051,3495,3556
MX_JAL_14091,40105,18973,21132
MX_JAL_14092,10837,5307,5530
MX_JAL_14093,136123,66244,69879
MX_JAL_14094,40697,20148,20549
MX_JAL_14095,9088,4425,4663
MX_JAL_14096,20857,10163,10694
MX_JAL_14097,416626,206958,209668
MX_JAL_14098,608114,299904,308210
MX_JAL_14099,9591,4724,4867
MX_JAL_14100,35050,17822,17228
MX_JAL_14101,478689,243241,235448
MX_JAL_14102,5930,2874,3056
MX_JAL_14103,7256,3573,3683
MX_JAL_14104,4435,2209,2226
MX_JAL_14105,21871,10668,11203
MX_JAL_14106,4234,2168,2066
MX_JAL_14107,6316,3054,3262
MX_JAL_14108,34182,16442,17740
MX_JAL_14109,17325,8306,9019
MX_JAL_14110,13737,6620,7117
MX_JAL_14111,6705,3333,3372
MX_JAL_14112,5798,2806,2992
MX_JAL_14113,15310,7507,7803
MX_JAL_14114,16969,8357,8612
MX_JAL_14115,5638,2785,2853
MX_JAL_14116,18711,9043,9668
MX_JAL_14117,4152,2015,2137
MX_JAL_14118,22284,10586,11698
MX_JAL_14119,27901,13698,14203
MX_JAL_14120,1243756,607907,635849
MX_JAL_14121,29192,14181,15011
MX_JAL_14122,6685,3328,3357
MX_JAL_14123,17585,8671,8914
MX_JAL_14124,63636,31114,32522
MX_JAL_14125,17626,8501,9125
MX_MEX,15175862,7396986,7778876
MX_MEX_15001,60918,29449,31469
MX_MEX_15002,136558,68392,68166
MX_MEX_15003,44823,22043,22780
MX_MEX_15004,14856,7091,7765
MX_MEX_15005,147653,73783,73870
MX_MEX_15006,10886,5199,5687
MX_MEX_15007,22868,11224,11644
MX_MEX_15008,26334,12799,13535
MX_MEX_15009,48421,23240,25181
MX_MEX_15010,27521,13576,13945
MX_MEX_15011,56243,27933,28310
MX_MEX_15012,10299,4967,5332
MX_MEX_15013,489937,238124,251813
MX_MEX_15014,93718,44905,48813
MX_MEX_15015,27663,13396,14267
MX_MEX_15016,25559,12666,12893
MX_MEX_15017,8864,4353,4511
MX_MEX_15018,47033,23061,23972
MX_MEX_15019,34101,16541,17560
MX_MEX_15020,278064,134141,143923
MX_MEX_15021,36174,17472,18702
MX_MEX_15022,12142,5976,6166
MX_MEX_15023,39030,19282,19748
MX_MEX_15024,140059,69079,70980
MX_MEX_15025,310130,151403,158727
MX_MEX_15026,27551,13532,14019
MX_MEX_15027,9676,4738,4938
MX_MEX_15028,26191,12759,13432
MX_MEX_15029,175053,85377,89676
MX_MEX_15030,22819,11138,11681
MX_MEX_15031,614453,302297,312156
MX_MEX_15032,33455,16484,16971
MX_MEX_15033,1656107,806443,849664
MX_MEX_15034,9369,4582,4787
MX_MEX_15035,100023,49372,50651
MX_MEX_15036,39864,19860,20004
MX_MEX_15037,242167,116502,125665
MX_MEX_15038,10308,5097,5211
MX_MEX_15039,467361,227846,239515
MX_MEX_15040,33541,16082,17459
MX_MEX_15041,6629,3326,3303
MX_MEX_15042,141482,68388,73094
MX_MEX_15043,26865,13058,13807
MX_MEX_15044,26328,12844,13484
MX_MEX_15045,83755,41088,42667
MX_MEX_15046,17970,8864,9106
MX_MEX_15047,69031,33299,35732
MX_MEX_15048,61204,29503,31701
MX_MEX_15049,12840,6201,6639
MX_MEX_15050,23497,11503,11994
MX_MEX_15051,134799,66669,68130
MX_MEX_15052,25624,12585,13039
MX_MEX_15053,50240,24570,25670
MX_MEX_15054,214162,103059,111103
MX_MEX_15055,11712,5658,6054
MX_MEX_15056,28426,13617,14809
MX_MEX_15057,833779,404974,428805
MX_MEX_15058,1110565,536943,573622
MX_MEX_15059,31691,15637,16054
MX_MEX_15060,366602,180139,186463
MX_MEX_15061,8895,4427,4468
MX_MEX_15062,61805,30365,31440
MX_MEX_15063,31803,15540,16263
MX_MEX_15064,34446,16829,17617
MX_MEX_15065,34232,17330,16902
MX_MEX_15066,4864,2464,2400
MX_MEX_15067,78146,38318,39828
MX_MEX_15068,27207,13077,14130
MX_MEX_15069,4147,2012,2135
MX_MEX_15070,253845,123956,129889
MX_MEX_15071,13002,6364,6638
MX_MEX_15072,12748,6252,6496
MX_MEX_15073,22152,10886,11266
MX_MEX_15074,121396,58173,63223
MX_MEX_15075,24851,12278,12573
MX_MEX_15076,72579,35597,36982
MX_MEX_15077,6272,3026,3246
MX_MEX_15078,9111,4458,4653
MX_MEX_15079,11798,5778,6020
MX_MEX_15080,25809,12267,13542
MX_MEX_15081,364579,177713,186866
MX_MEX_15082,71077,34411,36666
MX_MEX_15083,11206,5447,5759
MX_MEX_15084,35987,17916,18071
MX_MEX_15085,62695,30220,32475
MX_MEX_15086,32870,16142,16728
MX_MEX_15087,90010,43963,46047
MX_MEX_15088,90946,44239,46707
MX_MEX_15089,10578,5164,5414
MX_MEX_15090,77965,38072,39893
MX_MEX_15091,63115,31240,31875
MX_MEX_15092,53010,26000,27010
MX_MEX_15093,27944,13714,14230
MX_MEX_15094,18327,9003,9324
MX_MEX_15095,88559,43521,45038
MX_MEX_15096,33907,16794,17113
MX_MEX_15097,17390,8366,9024
MX_MEX_15098,5111,2506,2605
MX_MEX_15099,235151,115648,119503
MX_MEX_15100,35199,17404,17795
MX_MEX_15101,70682,34277,36405
MX_MEX_15102,15391,7389,8002
MX_MEX_15103,46130,22333,23797
MX_MEX_15104,664225,321747,342478
MX_MEX_15105,32997,16074,16923
MX_MEX_15106,819561,394836,424725
MX_MEX_15107,12099,5799,6300
MX_MEX_15108,131567,64287,67280
MX_MEX_15109,486998,238340,248658
MX_MEX_15110,61599,30296,31303
MX_MEX_15111,47709,23413,24296
MX_MEX_15112,44881,22433,22448
MX_MEX_15113,59991,29293,30698
MX_MEX_15114,94369,46657,47712
MX_MEX_15115,46331,22871,23460
MX_MEX_15116,4051,2033,2018
MX_MEX_15117,15121,7217,7904
MX_MEX_15118,167759,82109,85650
MX_MEX_15119,16365,7780,8585
MX_MEX_15120,159647,78608,81039
MX_MEX_15121,511675,248552,263123
MX_MEX_15122,357645,175772,181873
MX_MEX_15123,27781,13719,14062
MX_MEX_15124,91345,45084,46261
MX_MEX_15125,10216,5058,5158
MX_MIC,4351037,2102109,2248928
MX_MIC_16001,10987,5259,5728
MX_MIC_16002,16214,8174,8040
MX_MIC_16003,20913,9984,10929
MX_MIC_16004,14684,6936,7748
MX_MIC_16005,10768,5201,5567
MX_MIC_16006,123649,60907,62742
MX_MIC_16007,3218,1537,1681
MX_MIC_16008,23536,11917,11619
MX_MIC_16009,34848,16925,17923
MX_MIC_16010,21790,10846,10944
MX_MIC_16011,10653,5138,5515
MX_MIC_16012,42234,21308,20926
MX_MIC_16013,9212,4617,4595
MX_MIC_16014,14136,7256,6880
MX_MIC_16015,17615,8601,9014
MX_MIC_16016,20492,9360,11132
MX_MIC_16017,32954,16007,16947
MX_MIC_16018,8952,4191,4761
MX_MIC_16019,19644,9259,10385
MX_MIC_16020,28227,13253,14974
MX_MIC_16021,12163,5649,6514
MX_MIC_16022,21723,11463,10260
MX_MIC_16023,9975,4847,5128
MX_MIC_16024,18141,8701,9440
MX_MIC_16025,36293,17360,18933
MX_MIC_16026,5271,2696,2575
MX_MIC_16027,5166,2320,2846
MX_MIC_16028,5564,2599,2965
MX_MIC_16029,14366,7167,7199
MX_MIC_16030,12855,5855,7000
MX_MIC_16031,16218,7785,8433
MX_MIC_16032,14555,7005,7550
MX_MIC_16033,21294,10500,10794
MX_MIC_16034,117620,56532,61088
MX_MIC_16035,32757,16176,16581
MX_MIC_16036,11592,5399,6193
MX_MIC_16037,7983,3639,4344
MX_MIC_16038,41937,20531,21406
MX_MIC_16039,7925,3883,4042
MX_MIC_16040,16427,7886,8541
MX_MIC_16041,14766,6983,7783
MX_MIC_16042,13584,6621,6963
MX_MIC_16043,64011,30951,33060
MX_MIC_16044,13275,6285,6990
MX_MIC_16045,34199,16134,18065
MX_MIC_16046,13604,6592,7012
MX_MIC_16047,19986,9762,10224
MX_MIC_16048,5506,2665,2841
MX_MIC_16049,17427,8700,8727
MX_MIC_16050,80258,38228,42030
MX_MIC_16051,13031,6309,6722
MX_MIC_16052,178817,89221,89596
MX_MIC_16053,729279,348994,380285
MX_MIC_16054,8091,3630,4461
MX_MIC_16055,44963,22135,22828
MX_MIC_16056,27174,13090,14084
MX_MIC_16057,7799,3835,3964
MX_MIC_16058,18834,9108,9726
MX_MIC_16059,8240,4101,4139
MX_MIC_16060,9599,4557,5042
MX_MIC_16061,22628,11242,11386
MX_MIC_16062,19450,9430,10020
MX_MIC_16063,16064,7514,8550
MX_MIC_16064,25343,12681,12662
MX_MIC_16065,34721,16422,18299
MX_MIC_16066,87794,41827,45967
MX_MIC_16067,17159,7986,9173
MX_MIC_16068,25296,12566,12730
MX_MIC_16069,99576,47492,52084
MX_MIC_16070,15306,7423,7883
MX_MIC_16071,67837,31746,36091
MX_MIC_16072,13550,6546,7004
MX_MIC_16073,25592,12109,13483
MX_MIC_16074,9980,4863,5117
MX_MIC_16075,64141,31265,32876
MX_MIC_16076,72841,35298,37543
MX_MIC_16077,18461,9044,9417
MX_MIC_16078,12618,5767,6851
MX_MIC_16079,45217,21796,23421
MX_MIC_16080,18427,8829,9598
MX_MIC_16081,8704,4310,4394
MX_MIC_16082,69955,34010,35945
MX_MIC_16083,29414,14727,14687
MX_MIC_16084,27822,13277,14545
MX_MIC_16085,32677,15740,16937
MX_MIC_16086,15176,7354,7822
MX_MIC_16087,13558,6636,6922
MX_MIC_16088,78623,37951,40672
MX_MIC_16089,22987,11559,11428
MX_MIC_16090,13950,6731,7219
MX_MIC_16091,13511,6448,7063
MX_MIC_16092,14274,7143,7131
MX_MIC_16093,27587,13104,14483
MX_MIC_16094,6890,3344,3546
MX_MIC_16095,11504,5674,5830
MX_MIC_16096,7890,3972,3918
MX_MIC_16097,31877,15364,16513
MX_MIC_16098,26026,12502,13524
MX_MIC_16099,16305,8060,8245
MX_MIC_16100,13556,6344,7212
MX_MIC_16101,9166,4633,4533
MX_MIC_16102,315350,152442,162908
MX_MIC_16103,23457,11527,11930
MX_MIC_16104,16991,8063,8928
MX_MIC_16105,18995,9288,9707
MX_MIC_16106,29995,14505,15490
MX_MIC_16107,73455,35300,38155
MX_MIC_16108,186102,89746,96356
MX_MIC_16109,3247,1479,1768
MX_MIC_16110,46666,22275,24391
MX_MIC_16111,15222,7441,7781
MX_MIC_16112,155534,74715,80819
MX_MIC_16113,25576,12029,13547
MX_MOR,1777227,858588,918639
MX_MOR_17001,17021,8223,8798
MX_MOR_17002,18895,9240,9655
MX_MOR_17003,33695,16458,17237
MX_MOR_17004,78866,38186,40680
MX_MOR_17005,9471,4684,4787
MX_MOR_17006,175207,83676,91531
MX_MOR_17007,365168,172901,192267
MX_MOR_17008,83485,40761,42724
MX_MOR_17009,17340,8527,8813
MX_MOR_17010,15646,7629,8017
MX_MOR_17011,196953,94766,102187
MX_MOR_17012,55115,26430,28685
MX_MOR_17013,14604,7002,7602
MX_MOR_17014,9456,4578,4878
MX_MOR_17015,24990,12107,12883
MX_MOR_17016,16858,8273,8585
MX_MOR_17017,61585,30152,31433
MX_MOR_17018,108126,52374,55752
MX_MOR_17019,25346,12280,13066
MX_MOR_17020,41629,20291,21338
MX_MOR_17021,7441,3680,3761
MX_MOR_17022,19138,9207,9931
MX_MOR_17023,6636,3330,3306
MX_MOR_17024,48881,23865,25016
MX_MOR_17025,31534,15608,15926
MX_MOR_17026,16543,8102,8441
MX_MOR_17027,10789,5247,5542
MX_MOR_17028,63382,32161,31221
MX_MOR_17029,97827,47581,50246
MX_MOR_17030,46809,22967,23842
MX_MOR_17031,35063,16934,18129
MX_MOR_17032,9087,4452,4635
MX_MOR_17033,14641,6916,7725
MX_NAY,1084979,541007,543972
MX_NAY_18001,36572,18289,18283
MX_NAY_18002,15229,7621,7608
MX_NAY_18003,11188,5665,5523
MX_NAY_18004,70399,35413,34986
MX_NAY_18005,11400,5818,5582
MX_NAY_18006,27273,13181,14092
MX_NAY_18007,17698,8740,8958
MX_NAY_18008,49102,24037,25065
MX_NAY_18009,34300,17268,17032
MX_NAY_18010,34393,17466,16927
MX_NAY_18011,23469,11861,11608
MX_NAY_18012,43120,23123,19997
MX_NAY_18013,7510,3778,3732
MX_NAY_18014,22412,11412,11000
MX_NAY_18015,93074,47136,45938
MX_NAY_18016,39756,20212,19544
MX_NAY_18017,380249,185167,195082
MX_NAY_18018,30030,14923,15107
MX_NAY_18019,13600,6898,6702
MX_NAY_18020,124205,62999,61206
MX_NLE,4653458,2320185,2333273
MX_NLE_19001,2791,1406,1385
MX_NLE_19002,3443,1777,1666
MX_NLE_19003,1374,708,666
MX_NLE_19004,32593,16440,16153
MX_NLE_19005,18480,9219,9261
MX_NLE_19006,523370,263374,259996
MX_NLE_19007,15470,7869,7601
MX_NLE_19008,3773,1890,1883
MX_NLE_19009,86445,43939,42506
MX_NLE_19010,16092,8175,7917
MX_NLE_19011,7855,4049,3806
MX_NLE_19012,24526,12476,12050
MX_NLE_19013,10864,5585,5279
MX_NLE_19014,35445,17849,17596
MX_NLE_19015,1716,889,827
MX_NLE_19016,3345,1713,1632
MX_NLE_19017,39991,20237,19754
MX_NLE_19018,143668,72640,71028
MX_NLE_19019,122659,57622,65037
MX_NLE_19020,5527,2876,2651
MX_NLE_19021,357937,180332,177605
MX_NLE_19022,14437,7234,7203
MX_NLE_19023,1277,626,651
MX_NLE_19024,5942,3052,2890
MX_NLE_19025,55213,27787,27426
MX_NLE_19026,678006,336731,341275
MX_NLE_19027,2030,1001,1029
MX_NLE_19028,1594,829,765
MX_NLE_19029,6914,3424,3490
MX_NLE_19030,3558,1844,1714
MX_NLE_19031,256970,129324,127646
MX_NLE_19032,5349,2700,2649
MX_NLE_19033,78669,39104,39565
MX_NLE_19034,5488,2808,2680
MX_NLE_19035,862,433,429
MX_NLE_19036,7095,3555,3540
MX_NLE_19037,5447,2774,2673
MX_NLE_19038,59113,29370,29743
MX_NLE_19039,1135550,561656,573894
MX_NLE_19040,1034,512,522
MX_NLE_19041,20843,10737,10106
MX_NLE_19042,5359,2720,2639
MX_NLE_19043,2628,1363,1265
MX_NLE_19044,34671,17214,17457
MX_NLE_19045,32660,16800,15860
MX_NLE_19046,443273,219337,223936
MX_NLE_19047,16604,8318,8286
MX_NLE_19048,268955,134388,134567
MX_NLE_19049,40469,20341,20128
MX_NLE_19050,1971,1065,906
MX_NLE_19051,4113,2073,2040
MX_OAX,3801962,1819008,1982954
MX_OAX_20001,1084,483,601
MX_OAX_20002,44885,21866,23019
MX_OAX_20003,2495,1206,1289
MX_OAX_20004,1012,469,543
MX_OAX_20005,14751,7296,7455
MX_OAX_20006,17820,8437,9383
MX_OAX_20007,2612,1165,1447
MX_OAX_20008,842,412,430
MX_OAX_20009,6720,3314,3406
MX_OAX_20010,13608,6557,7051
MX_OAX_20011,1220,595,625
MX_OAX_20012,9860,4730,5130
MX_OAX_20013,2785,1319,1466
MX_OAX_20014,26450,12677,13773
MX_OAX_20015,4712,2221,2491
MX_OAX_20016,8531,3990,4541
MX_OAX_20017,3302,1557,1745
MX_OAX_20018,834,397,437
MX_OAX_20019,3071,1537,1534
MX_OAX_20020,3860,1795,2065
MX_OAX_20021,14667,7057,7610
MX_OAX_20022,866,394,472
MX_OAX_20023,18428,8824,9604
MX_OAX_20024,3846,1949,1897
MX_OAX_20025,11105,5498,5607
MX_OAX_20026,8481,3923,4558
MX_OAX_20027,2458,1157,1301
MX_OAX_20028,19679,9233,10446
MX_OAX_20029,4263,2024,2239
MX_OAX_20030,8310,4031,4279
MX_OAX_20031,7362,3434,3928
MX_OAX_20032,1033,489,544
MX_OAX_20033,2433,1150,1283
MX_OAX_20034,1425,689,736
MX_OAX_20035,544,267,277
MX_OAX_20036,5285,2581,2704
MX_OAX_20037,4402,1984,2418
MX_OAX_20038,2112,1000,1112
MX_OAX_20039,69839,32910,36929
MX_OAX_20040,5995,2824,3171
MX_OAX_20041,30004,13952,16052
MX_OAX_20042,7674,3755,3919
MX_OAX_20043,93038,45210,47828
MX_OAX_20044,41535,19779,21756
MX_OAX_20045,7522,3576,3946
MX_OAX_20046,3313,1540,1773
MX_OAX_20047,93,40,53
MX_OAX_20048,1304,642,662
MX_OAX_20049,1141,546,595
MX_OAX_20050,3778,1755,2023
MX_OAX_20051,4368,2059,2309
MX_OAX_20052,6182,3026,3156
MX_OAX_20053,1221,581,640
MX_OAX_20054,409,194,215
MX_OAX_20055,3530,1690,1840
MX_OAX_20056,1451,705,746
MX_OAX_20057,38019,18198,19821
MX_OAX_20058,13435,6634,6801
MX_OAX_20059,41387,19792,21595
MX_OAX_20060,2770,1292,1478
MX_OAX_20061,2568,1166,1402
MX_OAX_20062,586,272,314
MX_OAX_20063,3882,1825,2057
MX_OAX_20064,7390,3609,3781
MX_OAX_20065,1182,526,656
MX_OAX_20066,5353,2655,2698
MX_OAX_20067,263357,122446,140911
MX_OAX_20068,21341,10208,11133
MX_OAX_20069,2446,1162,1284
MX_OAX_20070,6629,3248,3381
MX_OAX_20071,3060,1503,1557
MX_OAX_20072,6579,3168,3411
MX_OAX_20073,31897,14982,16915
MX_OAX_20074,505,245,260
MX_OAX_20075,2671,1310,1361
MX_OAX_20076,3331,1574,1757
MX_OAX_20077,3568,1700,1868
MX_OAX_20078,1092,515,577
MX_OAX_20079,82371,39508,42863
MX_OAX_20080,1312,614,698
MX_OAX_20081,1914,897,1017
MX_OAX_20082,3952,1846,2106
MX_OAX_20083,8089,3956,4133
MX_OAX_20084,3893,1844,2049
MX_OAX_20085,22565,11108,11457
MX_OAX_20086,874,368,506
MX_OAX_20087,4075,1916,2159
MX_OAX_20088,2851,1396,1455
MX_OAX_20089,2152,1034,1118
MX_OAX_20090,5867,2850,3017
MX_OAX_20091,4879,2296,2583
MX_OAX_20092,1439,664,775
MX_OAX_20093,505,239,266
MX_OAX_20094,1898,897,1001
MX_OAX_20095,3990,1970,2020
MX_OAX_20096,772,364,408
MX_OAX_20097,1740,833,907
MX_OAX_20098,4427,2106,2321
MX_OAX_20099,475,225,250
MX_OAX_20100,497,228,269
MX_OAX_20101,726,317,409
MX_OAX_20102,4405,2135,2270
MX_OAX_20103,5651,2690,2961
MX_OAX_20104,2508,1228,1280
MX_OAX_20105,6650,3079,3571
MX_OAX_20106,297,126,171
MX_OAX_20107,21456,10112,11344
MX_OAX_20108,4289,2012,2277
MX_OAX_20109,1233,617,616
MX_OAX_20110,1603,738,865
MX_OAX_20111,4394,2111,2283
MX_OAX_20112,2439,1132,1307
MX_OAX_20113,2832,1381,1451
MX_OAX_20114,677,314,363
MX_OAX_20115,8684,4141,4543
MX_OAX_20116,4052,1941,2111
MX_OAX_20117,2422,1173,1249
MX_OAX_20118,2470,1026,1444
MX_OAX_20119,399,163,236
MX_OAX_20120,368,160,208
MX_OAX_20121,655,291,364
MX_OAX_20122,677,333,344
MX_OAX_20123,2705,1296,1409
MX_OAX_20124,17094,8525,8569
MX_OAX_20125,11813,5902,5911
MX_OAX_20126,5024,2365,2659
MX_OAX_20127,1283,601,682
MX_OAX_20128,1230,591,639
MX_OAX_20129,334,161,173
MX_OAX_20130,5098,2582,2516
MX_OAX_20131,10500,4894,5606
MX_OAX_20132,1245,609,636
MX_OAX_20133,3974,1938,2036
MX_OAX_20134,26838,12997,13841
MX_OAX_20135,7187,3419,3768
MX_OAX_20136,11575,5565,6010
MX_OAX_20137,3427,1671,1756
MX_OAX_20138,460,217,243
MX_OAX_20139,2136,1022,1114
MX_OAX_20140,827,395,432
MX_OAX_20141,7232,3659,3573
MX_OAX_20142,1160,516,644
MX_OAX_20143,8959,4429,4530
MX_OAX_20144,1110,544,566
MX_OAX_20145,3474,1697,1777
MX_OAX_20146,2666,1256,1410
MX_OAX_20147,378,195,183
MX_OAX_20148,1945,925,1020
MX_OAX_20149,1509,726,783
MX_OAX_20150,11893,5694,6199
MX_OAX_20151,394,205,189
MX_OAX_20152,2152,981,1171
MX_OAX_20153,4733,2263,2470
MX_OAX_20154,2393,1124,1269
MX_OAX_20155,940,470,470
MX_OAX_20156,3478,1691,1787
MX_OAX_20157,13860,6581,7279
MX_OAX_20158,2231,1094,1137
MX_OAX_20159,5449,2636,2813
MX_OAX_20160,1449,710,739
MX_OAX_20161,2559,1205,1354
MX_OAX_20162,1848,869,979
MX_OAX_20163,1606,769,837
MX_OAX_20164,3215,1486,1729
MX_OAX_20165,1511,697,814
MX_OAX_20166,11019,5279,5740
MX_OAX_20167,2094,1038,1056
MX_OAX_20168,977,485,492
MX_OAX_20169,3684,1779,1905
MX_OAX_20170,3849,1757,2092
MX_OAX_20171,18478,8929,9549
MX_OAX_20172,430,213,217
MX_OAX_20173,1517,722,795
MX_OAX_20174,3759,1786,1973
MX_OAX_20175,1724,833,891
MX_OAX_20176,2808,1334,1474
MX_OAX_20177,9441,4601,4840
MX_OAX_20178,6287,2975,3312
MX_OAX_20179,1462,736,726
MX_OAX_20180,2325,1138,1187
MX_OAX_20181,417,187,230
MX_OAX_20182,2292,1088,1204
MX_OAX_20183,1447,681,766
MX_OAX_20184,155766,74788,80978
MX_OAX_20185,8680,4216,4464
MX_OAX_20186,605,294,311
MX_OAX_20187,2535,1275,1260
MX_OAX_20188,9494,4583,4911
MX_OAX_20189,2517,1207,1310
MX_OAX_20190,22356,10895,11461
MX_OAX_20191,320,147,173
MX_OAX_20192,1442,667,775
MX_OAX_20193,2546,1207,1339
MX_OAX_20194,1231,557,674
MX_OAX_20195,1256,627,629
MX_OAX_20196,404,197,207
MX_OAX_20197,3047,1483,1564
MX_OAX_20198,28142,13221,14921
MX_OAX_20199,713,328,385
MX_OAX_20200,3924,1841,2083
MX_OAX_20201,1832,871,961
MX_OAX_20202,4531,2159,2372
MX_OAX_20203,3285,1580,1705
MX_OAX_20204,715,324,391
MX_OAX_20205,17398,8441,8957
MX_OAX_20206,2357,1166,1191
MX_OAX_20207,17100,8432,8668
MX_OAX_20208,7611,3572,4039
MX_OAX_20209,711,277,434
MX_OAX_20210,6666,3196,3470
MX_OAX_20211,3168,1582,1586
MX_OAX_20212,2807,1344,1463
MX_OAX_20213,3628,1702,1926
MX_OAX_20214,2313,1153,1160
MX_OAX_20215,764,351,413
MX_OAX_20216,1331,633,698
MX_OAX_20217,3446,1678,1768
MX_OAX_20218,607,291,316
MX_OAX_20219,2565,1232,1333
MX_OAX_20220,2773,1429,1344
MX_OAX_20221,1340,646,694
MX_OAX_20222,1530,718,812
MX_OAX_20223,452,195,257
MX_OAX_20224,684,314,370
MX_OAX_20225,5955,2842,3113
MX_OAX_20226,2708,1359,1349
MX_OAX_20227,13704,6548,7156
MX_OAX_20228,771,404,367
MX_OAX_20229,7048,3213,3835
MX_OAX_20230,1007,491,516
MX_OAX_20231,3026,1493,1533
MX_OAX_20232,21514,10395,11119
MX_OAX_20233,1745,720,1025
MX_OAX_20234,7554,3653,3901
MX_OAX_20235,3624,1657,1967
MX_OAX_20236,1525,723,802
MX_OAX_20237,1557,719,838
MX_OAX_20238,816,403,413
MX_OAX_20239,1077,489,588
MX_OAX_20240,2460,1077,1383
MX_OAX_20241,1084,480,604
MX_OAX_20242,11361,5473,5888
MX_OAX_20243,1742,780,962
MX_OAX_20244,3669,1774,1895
MX_OAX_20245,1277,619,658
MX_OAX_20246,620,280,340
MX_OAX_20247,1467,662,805
MX_OAX_20248,14252,7203,7049
MX_OAX_20249,3475,1654,1821
MX_OAX_20250,1181,565,616
MX_OAX_20251,1180,551,629
MX_OAX_20252,2116,973,1143
MX_OAX_20253,2226,1110,1116
MX_OAX_20254,3308,1605,1703
MX_OAX_20255,2086,993,1093
MX_OAX_20256,234,106,128
MX_OAX_20257,1091,503,588
MX_OAX_20258,744,348,396
MX_OAX_20259,2465,1171,1294
MX_OAX_20260,2488,1175,1313
MX_OAX_20261,7244,3421,3823
MX_OAX_20262,1043,508,535
MX_OAX_20263,3483,1638,1845
MX_OAX_20264,2274,1016,1258
MX_OAX_20265,6608,3397,3211
MX_OAX_20266,8481,4210,4271
MX_OAX_20267,294,148,146
MX_OAX_20268,916,418,498
MX_OAX_20269,4127,1904,2223
MX_OAX_20270,1399,659,740
MX_OAX_20271,3245,1571,1674
MX_OAX_20272,6161,2852,3309
MX_OAX_20273,3497,1672,1825
MX_OAX_20274,1296,638,658
MX_OAX_20275,7293,3652,3641
MX_OAX_20276,801,398,403
MX_OAX_20277,12525,6176,6349
MX_OAX_20278,36564,17715,18849
MX_OAX_20279,2911,1402,1509
MX_OAX_20280,2394,1152,1242
MX_OAX_20281,308,159,149
MX_OAX_20282,794,410,384
MX_OAX_20283,1042,511,531
MX_OAX_20284,3160,1385,1775
MX_OAX_20285,3386,1654,1732
MX_OAX_20286,3220,1483,1737
MX_OAX_20287,346,134,212
MX_OAX_20288,611,297,314
MX_OAX_20289,1143,519,624
MX_OAX_20290,1012,463,549
MX_OAX_20291,4167,2029,2138
MX_OAX_20292,1388,640,748
MX_OAX_20293,15535,7430,8105
MX_OAX_20294,6307,2995,3312
MX_OAX_20295,9025,4256,4769
MX_OAX_20296,929,440,489
MX_OAX_20297,2150,948,1202
MX_OAX_20298,11825,5614,6211
MX_OAX_20299,1108,518,590
MX_OAX_20300,6468,3032,3436
MX_OAX_20301,1544,708,836
MX_OAX_20302,4136,1953,2183
MX_OAX_20303,1172,512,660
MX_OAX_20304,851,407,444
MX_OAX_20305,3944,1867,2077
MX_OAX_20306,3903,1904,1999
MX_OAX_20307,9594,4795,4799
MX_OAX_20308,2839,1397,1442
MX_OAX_20309,10371,5113,5258
MX_OAX_20310,6822,3322,3500
MX_OAX_20311,458,216,242
MX_OAX_20312,11555,5544,6011
MX_OAX_20313,834,377,457
MX_OAX_20314,1693,807,886
MX_OAX_20315,1711,743,968
MX_OAX_20316,753,342,411
MX_OAX_20317,1405,667,738
MX_OAX_20318,42860,20826,22034
MX_OAX_20319,1099,518,581
MX_OAX_20320,723,338,385
MX_OAX_20321,840,403,437
MX_OAX_20322,884,408,476
MX_OAX_20323,2135,1030,1105
MX_OAX_20324,43860,21514,22346
MX_OAX_20325,10491,5052,5439
MX_OAX_20326,4957,2440,2517
MX_OAX_20327,13992,6870,7122
MX_OAX_20328,1173,569,604
MX_OAX_20329,1320,629,691
MX_OAX_20330,4277,2094,2183
MX_OAX_20331,894,415,479
MX_OAX_20332,406,199,207
MX_OAX_20333,2603,1227,1376
MX_OAX_20334,43913,21372,22541
MX_OAX_20335,1002,485,517
MX_OAX_20336,2267,1059,1208
MX_OAX_20337,5602,2597,3005
MX_OAX_20338,9280,4426,4854
MX_OAX_20339,3989,1907,2082
MX_OAX_20340,1878,851,1027
MX_OAX_20341,232,99,133
MX_OAX_20342,2079,953,1126
MX_OAX_20343,1849,882,967
MX_OAX_20344,2613,1261,1352
MX_OAX_20345,3968,1954,2014
MX_OAX_20346,1449,624,825
MX_OAX_20347,3664,1803,1861
MX_OAX_20348,8246,3929,4317
MX_OAX_20349,1976,906,1070
MX_OAX_20350,16241,7515,8726
MX_OAX_20351,2623,1214,1409
MX_OAX_20352,3833,1903,1930
MX_OAX_20353,1978,957,1021
MX_OAX_20354,510,257,253
MX_OAX_20355,738,347,391
MX_OAX_20356,1993,966,1027
MX_OAX_20357,908,442,466
MX_OAX_20358,1854,875,979
MX_OAX_20359,809,347,462
MX_OAX_20360,3592,1684,1908
MX_OAX_20361,922,415,507
MX_OAX_20362,1496,673,823
MX_OAX_20363,2633,1267,1366
MX_OAX_20364,14710,7145,7565
MX_OAX_20365,1307,636,671
MX_OAX_20366,3986,1985,2001
MX_OAX_20367,4543,2232,2311
MX_OAX_20368,1816,889,927
MX_OAX_20369,1847,887,960
MX_OAX_20370,679,312,367
MX_OAX_20371,954,423,531
MX_OAX_20372,1886,845,1041
MX_OAX_20373,448,214,234
MX_OAX_20374,1470,710,760
MX_OAX_20375,10120,4746,5374
MX_OAX_20376,364,177,187
MX_OAX_20377,10975,5278,5697
MX_OAX_20378,3615,1720,1895
MX_OAX_20379,2958,1359,1599
MX_OAX_20380,1972,950,1022
MX_OAX_20381,2606,1235,1371
MX_OAX_20382,1170,551,619
MX_OAX_20383,608,294,314
MX_OAX_20384,4514,2153,2361
MX_OAX_20385,77833,36822,41011
MX_OAX_20386,17897,8669,9228
MX_OAX_20387,2858,1368,1490
MX_OAX_20388,2535,1233,1302
MX_OAX_20389,921,389,532
MX_OAX_20390,47356,22857,24499
MX_OAX_20391,3356,1634,1722
MX_OAX_20392,6678,3184,3494
MX_OAX_20393,3604,1615,1989
MX_OAX_20394,2778,1381,1397
MX_OAX_20395,1898,870,1028
MX_OAX_20396,3252,1440,1812
MX_OAX_20397,38453,17987,20466
MX_OAX_20398,4406,2053,2353
MX_OAX_20399,27465,13029,14436
MX_OAX_20400,1632,750,882
MX_OAX_20401,22562,11104,11458
MX_OAX_20402,1083,516,567
MX_OAX_20403,2772,1316,1456
MX_OAX_20404,766,355,411
MX_OAX_20405,1932,844,1088
MX_OAX_20406,20584,10098,10486
MX_OAX_20407,8506,4256,4250
MX_OAX_20408,480,249,231
MX_OAX_20409,8165,3754,4411
MX_OAX_20410,3461,1703,1758
MX_OAX_20411,816,360,456
MX_OAX_20412,3286,1639,1647
MX_OAX_20413,38629,18726,19903
MX_OAX_20414,10794,5277,5517
MX_OAX_20415,4888,2290,2598
MX_OAX_20416,516,243,273
MX_OAX_20417,9240,4380,4860
MX_OAX_20418,11888,5707,6181
MX_OAX_20419,575,257,318
MX_OAX_20420,1680,776,904
MX_OAX_20421,4442,2158,2284
MX_OAX_20422,681,308,373
MX_OAX_20423,550,280,270
MX_OAX_20424,3992,1915,2077
MX_OAX_20425,2209,1104,1105
MX_OAX_20426,7865,3799,4066
MX_OAX_20427,15387,7439,7948
MX_OAX_20428,1770,886,884
MX_OAX_20429,1524,719,805
MX_OAX_20430,253,122,131
MX_OAX_20431,1774,847,927
MX_OAX_20432,968,465,503
MX_OAX_20433,2595,1204,1391
MX_OAX_20434,4651,2208,2443
MX_OAX_20435,3505,1714,1791
MX_OAX_20436,1113,539,574
MX_OAX_20437,9663,4680,4983
MX_OAX_20438,1754,841,913
MX_OAX_20439,24318,12000,12318
MX_OAX_20440,896,425,471
MX_OAX_20441,7781,3929,3852
MX_OAX_20442,354,162,192
MX_OAX_20443,448,200,248
MX_OAX_20444,461,228,233
MX_OAX_20445,1642,805,837
MX_OAX_20446,6551,3119,3432
MX_OAX_20447,15076,7021,8055
MX_OAX_20448,2009,964,1045
MX_OAX_20449,3359,1666,1693
MX_OAX_20450,12313,5930,6383
MX_OAX_20451,1053,495,558
MX_OAX_20452,4220,1879,2341
MX_OAX_20453,3915,1941,1974
MX_OAX_20454,3180,1618,1562
MX_OAX_20455,2748,1284,1464
MX_OAX_20456,1686,808,878
MX_OAX_20457,3395,1704,1691
MX_OAX_20458,1115,528,587
MX_OAX_20459,4479,2040,2439
MX_OAX_20460,5413,2620,2793
MX_OAX_20461,614,306,308
MX_OAX_20462,4350,1972,2378
MX_OAX_20463,663,317,346
MX_OAX_20464,480,217,263
MX_OAX_20465,1568,773,795
MX_OAX_20466,11917,5749,6168
MX_OAX_20467,18383,8815,9568
MX_OAX_20468,13568,6682,6886
MX_OAX_20469,32927,15475,17452
MX_OAX_20470,4693,2302,2391
MX_OAX_20471,496,225,271
MX_OAX_20472,3198,1594,1604
MX_OAX_20473,1394,660,734
MX_OAX_20474,3260,1609,1651
MX_OAX_20475,9653,4547,5106
MX_OAX_20476,409,197,212
MX_OAX_20477,1430,701,729
MX_OAX_20478,1913,919,994
MX_OAX_20479,219,118,101
MX_OAX_20480,967,469,498
MX_OAX_20481,1966,926,1040
MX_OAX_20482,50309,24328,25981
MX_OAX_20483,9542,4555,4987
MX_OAX_20484,4207,1922,2285
MX_OAX_20485,3031,1539,1492
MX_OAX_20486,2469,1194,1275
MX_OAX_20487,1945,973,972
MX_OAX_20488,131,62,69
MX_OAX_20489,4953,2403,2550
MX_OAX_20490,3076,1473,1603
MX_OAX_20491,4170,2048,2122
MX_OAX_20492,3210,1495,1715
MX_OAX_20493,553,258,295
MX_OAX_20494,4894,2244,2650
MX_OAX_20495,2884,1428,1456
MX_OAX_20496,2171,1023,1148
MX_OAX_20497,4122,1893,2229
MX_OAX_20498,6665,3326,3339
MX_OAX_20499,2021,932,1089
MX_OAX_20500,7883,3723,4160
MX_OAX_20501,940,446,494
MX_OAX_20502,5515,2730,2785
MX_OAX_20503,374,175,199
MX_OAX_20504,1652,788,864
MX_OAX_20505,7554,3781,3773
MX_OAX_20506,782,361,421
MX_OAX_20507,3224,1601,1623
MX_OAX_20508,1521,754,767
MX_OAX_20509,10547,5065,5482
MX_OAX_20510,877,405,472
MX_OAX_20511,3610,1742,1868
MX_OAX_20512,913,432,481
MX_OAX_20513,8394,4192,4202
MX_OAX_20514,997,472,525
MX_OAX_20515,61872,30124,31748
MX_OAX_20516,4571,2198,2373
MX_OAX_20517,5194,2454,2740
MX_OAX_20518,153,74,79
MX_OAX_20519,2790,1367,1423
MX_OAX_20520,7153,3339,3814
MX_OAX_20521,276,111,165
MX_OAX_20522,1213,564,649
MX_OAX_20523,1609,760,849
MX_OAX_20524,369,173,196
MX_OAX_20525,11218,5541,5677
MX_OAX_20526,15986,7759,8227
MX_OAX_20527,2829,1375,1454
MX_OAX_20528,1213,520,693
MX_OAX_20529,1332,658,674
MX_OAX_20530,3385,1605,1780
MX_OAX_20531,2333,1094,1239
MX_OAX_20532,4076,1900,2176
MX_OAX_20533,2191,1052,1139
MX_OAX_20534,3964,1839,2125
MX_OAX_20535,2976,1364,1612
MX_OAX_20536,493,225,268
MX_OAX_20537,6747,3159,3588
MX_OAX_20538,705,339,366
MX_OAX_20539,5025,2431,2594
MX_OAX_20540,7059,3288,3771
MX_OAX_20541,1707,825,882
MX_OAX_20542,746,332,414
MX_OAX_20543,5561,2709,2852
MX_OAX_20544,1106,497,609
MX_OAX_20545,8966,4275,4691
MX_OAX_20546,5638,2657,2981
MX_OAX_20547,951,433,518
MX_OAX_20548,1734,796,938
MX_OAX_20549,11319,5158,6161
MX_OAX_20550,5076,2368,2708
MX_OAX_20551,19625,9151,10474
MX_OAX_20552,510,240,270
MX_OAX_20553,9417,4453,4964
MX_OAX_20554,5598,2685,2913
MX_OAX_20555,2653,1246,1407
MX_OAX_20556,249,110,139
MX_OAX_20557,13970,6749,7221
MX_OAX_20558,1543,685,858
MX_OAX_20559,22446,10688,11758
MX_OAX_20560,6174,2797,3377
MX_OAX_20561,2683,1269,1414
MX_OAX_20562,1458,691,767
MX_OAX_20563,1308,602,706
MX_OAX_20564,1292,617,675
MX_OAX_20565,34101,16240,17861
MX_OAX_20566,3034,1473,1561
MX_OAX_20567,3133,1436,1697
MX_OAX_20568,1514,669,845
MX_OAX_20569,1707,804,903
MX_OAX_20570,19215,8935,10280
MX_PUE,5779829,2769855,3009974
MX_PUE_21001,60353,29225,31128
MX_PUE_21002,8916,4484,4432
MX_PUE_21003,33865,15545,18320
MX_PUE_21004,52078,25298,26780
MX_PUE_21005,2881,1340,1541
MX_PUE_21006,14754,7087,7667
MX_PUE_21007,3403,1662,1741
MX_PUE_21008,10457,5127,5330
MX_PUE_21009,2008,935,1073
MX_PUE_21010,60621,29304,31317
MX_PUE_21011,1770,811,959
MX_PUE_21012,6288,2934,3354
MX_PUE_21013,18920,9109,9811
MX_PUE_21014,5004,2370,2634
MX_PUE_21015,100964,49098,51866
MX_PUE_21016,7848,3900,3948
MX_PUE_21017,25386,12278,13108
MX_PUE_21018,3734,1790,1944
MX_PUE_21019,127062,59360,67702
MX_PUE_21020,6426,3099,3327
MX_PUE_21021,1228,585,643
MX_PUE_21022,11684,5329,6355
MX_PUE_21023,8408,4118,4290
MX_PUE_21024,947,439,508
MX_PUE_21025,8153,3993,4160
MX_PUE_21026,13730,6464,7266
MX_PUE_21027,4177,1953,2224
MX_PUE_21028,2476,1214,1262
MX_PUE_21029,3791,1810,1981
MX_PUE_21030,758,359,399
MX_PUE_21031,2964,1403,1561
MX_PUE_21032,1283,646,637
MX_PUE_21033,4763,2258,2505
MX_PUE_21034,34596,16758,17838
MX_PUE_21035,19639,9368,10271
MX_PUE_21036,14205,6801,7404
MX_PUE_21037,2339,1081,1258
MX_PUE_21038,8709,4286,4423
MX_PUE_21039,9212,4408,4804
MX_PUE_21040,9538,4697,4841
MX_PUE_21041,79153,38477,40676
MX_PUE_21042,3062,1457,1605
MX_PUE_21043,47433,23240,24193
MX_PUE_21044,15367,7412,7955
MX_PUE_21045,43882,21092,22790
MX_PUE_21046,6992,3343,3649
MX_PUE_21047,19037,9191,9846
MX_PUE_21048,18762,8846,9916
MX_PUE_21049,15767,7696,8071
MX_PUE_21050,24148,11918,12230
MX_PUE_21051,33935,16288,17647
MX_PUE_21052,1227,581,646
MX_PUE_21053,57909,28228,29681
MX_PUE_21054,30254,14669,15585
MX_PUE_21055,4699,2169,2530
MX_PUE_21056,1237,571,666
MX_PUE_21057,7463,3552,3911
MX_PUE_21058,19257,9682,9575
MX_PUE_21059,2468,1151,1317
MX_PUE_21060,6946,3296,3650
MX_PUE_21061,12575,6181,6394
MX_PUE_21062,4594,2216,2378
MX_PUE_21063,13785,6593,7192
MX_PUE_21064,16270,8154,8116
MX_PUE_21065,19040,9125,9915
MX_PUE_21066,6276,2919,3357
MX_PUE_21067,16551,8006,8545
MX_PUE_21068,7718,3849,3869
MX_PUE_21069,25373,11681,13692
MX_PUE_21070,6643,3051,3592
MX_PUE_21071,97753,46336,51417
MX_PUE_21072,15689,7706,7983
MX_PUE_21073,8679,4179,4500
MX_PUE_21074,63457,30723,32734
MX_PUE_21075,11868,5787,6081
MX_PUE_21076,26689,13208,13481
MX_PUE_21077,5734,2827,2907
MX_PUE_21078,13982,7049,6933
MX_PUE_21079,5306,2534,2772
MX_PUE_21080,2833,1328,1505
MX_PUE_21081,3695,1756,1939
MX_PUE_21082,8093,3857,4236
MX_PUE_21083,25326,12524,12802
MX_PUE_21084,6811,3285,3526
MX_PUE_21085,72799,34451,38348
MX_PUE_21086,12547,6067,6480
MX_PUE_21087,12662,6006,6656
MX_PUE_21088,4598,2237,2361
MX_PUE_21089,12997,6327,6670
MX_PUE_21090,18540,8881,9659
MX_PUE_21091,10213,4800,5413
MX_PUE_21092,5223,2562,2661
MX_PUE_21093,7767,3806,3961
MX_PUE_21094,31532,15224,16308
MX_PUE_21095,484,242,242
MX_PUE_21096,2633,1303,1330
MX_PUE_21097,2216,1032,1184
MX_PUE_21098,6218,2902,3316
MX_PUE_21099,18954,9132,9822
MX_PUE_21100,9707,4610,5097
MX_PUE_21101,3598,1695,1903
MX_PUE_21102,12011,5746,6265
MX_PUE_21103,6009,2915,3094
MX_PUE_21104,27292,13259,14033
MX_PUE_21105,4825,2329,2496
MX_PUE_21106,25720,12128,13592
MX_PUE_21107,11641,5681,5960
MX_PUE_21108,16575,8009,8566
MX_PUE_21109,20618,9905,10713
MX_PUE_21110,42887,20914,21973
MX_PUE_21111,18435,8947,9488
MX_PUE_21112,9382,4356,5026
MX_PUE_21113,4585,2187,2398
MX_PUE_21114,1539819,734352,805467
MX_PUE_21115,47281,23041,24240
MX_PUE_21116,21275,10572,10703
MX_PUE_21117,14052,6679,7373
MX_PUE_21118,25553,12390,13163
MX_PUE_21119,100439,48650,51789
MX_PUE_21120,5110,2393,2717
MX_PUE_21121,1132,549,583
MX_PUE_21122,9426,4564,4862
MX_PUE_21123,4120,2022,2098
MX_PUE_21124,14454,6818,7636
MX_PUE_21125,8170,3864,4306
MX_PUE_21126,5826,2762,3064
MX_PUE_21127,3777,1757,2020
MX_PUE_21128,8087,3966,4121
MX_PUE_21129,12699,5941,6758
MX_PUE_21130,3416,1582,1834
MX_PUE_21131,872,442,430
MX_PUE_21132,141112,67505,73607
MX_PUE_21133,651,313,338
MX_PUE_21134,19310,9406,9904
MX_PUE_21135,586,282,304
MX_PUE_21136,11598,5624,5974
MX_PUE_21137,9185,4471,4714
MX_PUE_21138,10777,5190,5587
MX_PUE_21139,3554,1690,1864
MX_PUE_21140,120459,57578,62881
MX_PUE_21141,3395,1628,1767
MX_PUE_21142,27622,13391,14231
MX_PUE_21143,28419,13816,14603
MX_PUE_21144,13541,6663,6878
MX_PUE_21145,13534,6668,6866
MX_PUE_21146,874,439,435
MX_PUE_21147,5944,2861,3083
MX_PUE_21148,8040,3853,4187
MX_PUE_21149,21993,10595,11398
MX_PUE_21150,7060,3418,3642
MX_PUE_21151,8016,3822,4194
MX_PUE_21152,11706,5702,6004
MX_PUE_21153,20267,9770,10497
MX_PUE_21154,71571,34365,37206
MX_PUE_21155,5420,2578,2842
MX_PUE_21156,274906,129484,145422
MX_PUE_21157,11328,5360,5968
MX_PUE_21158,6772,3327,3445
MX_PUE_21159,4024,1807,2217
MX_PUE_21160,3121,1514,1607
MX_PUE_21161,19002,8916,10086
MX_PUE_21162,4244,2003,2241
MX_PUE_21163,16275,7831,8444
MX_PUE_21164,74708,35672,39036
MX_PUE_21165,1141,547,594
MX_PUE_21166,8056,3655,4401
MX_PUE_21167,10240,4944,5296
MX_PUE_21168,6580,3160,3420
MX_PUE_21169,20478,10400,10078
MX_PUE_21170,16390,8087,8303
MX_PUE_21171,3365,1601,1764
MX_PUE_21172,25793,12341,13452
MX_PUE_21173,5689,2633,3056
MX_PUE_21174,92246,43462,48784
MX_PUE_21175,9807,4626,5181
MX_PUE_21176,8401,4016,4385
MX_PUE_21177,48268,22926,25342
MX_PUE_21178,17115,8406,8709
MX_PUE_21179,28568,13950,14618
MX_PUE_21180,36518,17975,18543
MX_PUE_21181,6269,3103,3166
MX_PUE_21182,4833,2325,2508
MX_PUE_21183,19826,9672,10154
MX_PUE_21184,6406,3128,3278
MX_PUE_21185,8404,3930,4474
MX_PUE_21186,51495,24722,26773
MX_PUE_21187,5415,2663,2752
MX_PUE_21188,17028,7916,9112
MX_PUE_21189,19701,9439,10262
MX_PUE_21190,1155,526,629
MX_PUE_21191,9245,4275,4970
MX_PUE_21192,5983,2892,3091
MX_PUE_21193,6242,3062,3180
MX_PUE_21194,27890,13474,14416
MX_PUE_21195,24217,11592,12625
MX_PUE_21196,1649,752,897
MX_PUE_21197,75601,36390,39211
MX_PUE_21198,1241,583,658
MX_PUE_21199,37910,18326,19584
MX_PUE_21200,3911,1906,2005
MX_PUE_21201,3187,1437,1750
MX_PUE_21202,12249,5977,6272
MX_PUE_21203,6049,2872,3177
MX_PUE_21204,7514,3613,3901
MX_PUE_21205,22976,11113,11863
MX_PUE_21206,4224,1962,2262
MX_PUE_21207,53295,25534,27761
MX_PUE_21208,76296,36133,40163
MX_PUE_21209,8220,3712,4508
MX_PUE_21210,5608,2779,2829
MX_PUE_21211,15444,7152,8292
MX_PUE_21212,19438,9186,10252
MX_PUE_21213,12530,6112,6418
MX_PUE_21214,15690,7374,8316
MX_PUE_21215,4599,2258,2341
MX_PUE_21216,2639,1251,1388
MX_PUE_21217,20529,9987,10542
MX_QUE,1827937,887188,940749
MX_QUE_22001,62197,29842,32355
MX_QUE_22002,27093,12859,14234
MX_QUE_22003,12910,6122,6788
MX_QUE_22004,64183,30585,33598
MX_QUE_22005,58171,28975,29196
MX_QUE_22006,143073,69373,73700
MX_QUE_22007,38123,18213,19910
MX_QUE_22008,35554,16930,18624
MX_QUE_22009,25550,12192,13358
MX_QUE_22010,19929,9501,10428
MX_QUE_22011,116458,57547,58911
MX_QUE_22012,63966,31387,32579
MX_QUE_22013,18441,9013,9428
MX_QUE_22014,801940,389403,412537
MX_QUE_22015,8865,4109,4756
MX_QUE_22016,241699,117628,124071
MX_QUE_22017,63413,30752,32661
MX_QUE_22018,26372,12757,13615
MX_ROO,1325578,673220,652358
MX_ROO_23001,79535,40357,39178
MX_ROO_23002,75026,37994,37032
MX_ROO_23003,16203,8358,7845
MX_ROO_23004,244553,121906,122647
MX_ROO_23005,661176,334945,326231
MX_ROO_23006,36179,18506,17673
MX_ROO_23007,25333,12972,12361
MX_ROO_23008,159310,83468,75842
MX_ROO_23009,28263,14714,13549
MX_SIN,2767761,1376201,1391560
MX_SIN_25001,416299,205435,210864
MX_SIN_25002,44993,22605,22388
MX_SIN_25003,29999,15524,14475
MX_SIN_25004,28493,14532,13961
MX_SIN_25005,16697,8542,8155
MX_SIN_25006,858638,422507,436131
MX_SIN_25007,32998,17116,15882
MX_SIN_25008,42907,22032,20875
MX_SIN_25009,54131,27301,26830
MX_SIN_25010,97536,49693,47843
MX_SIN_25011,285912,142031,143881
MX_SIN_25012,438434,216266,222168
MX_SIN_25013,45847,23647,22200
MX_SIN_25014,49380,25152,24228
MX_SIN_25015,79085,38864,40221
MX_SIN_25016,22527,11699,10828
MX_SIN_25017,88282,44862,43420
MX_SIN_25018,135603,68393,67210
MX_SLP,2585518,1260366,1325152
MX_SLP_24001,18644,8775,9869
MX_SLP_24002,8186,4068,4118
MX_SLP_24003,47423,23894,23529
MX_SLP_24004,4436,2182,2254
MX_SLP_24005,18937,9103,9834
MX_SLP_24006,9716,4932,4784
MX_SLP_24007,18485,9048,9437
MX_SLP_24008,21394,10373,11021
MX_SLP_24009,4021,2031,1990
MX_SLP_24010,31323,15523,15800
MX_SLP_24011,43528,21258,22270
MX_SLP_24012,21039,10406,10633
MX_SLP_24013,167713,81226,86487
MX_SLP_24014,17015,8544,8471
MX_SLP_24015,21138,10328,10810
MX_SLP_24016,41529,20347,21182
MX_SLP_24017,25985,13158,12827
MX_SLP_24018,15311,7554,7757
MX_SLP_24019,5774,2839,2935
MX_SLP_24020,91522,44343,47179
MX_SLP_24021,53442,25449,27993
MX_SLP_24022,19327,9298,10029
MX_SLP_24023,15707,7739,7968
MX_SLP_24024,91924,44574,47350
MX_SLP_24025,30190,14548,15642
MX_SLP_24026,9390,4800,4590
MX_SLP_24027,10171,4875,5296
MX_SLP_24028,772604,372083,400521
MX_SLP_24029,21347,10686,10661
MX_SLP_24030,5466,2587,2879
MX_SLP_24031,11835,5805,6030
MX_SLP_24032,40326,19242,21084
MX_SLP_24033,12043,6022,6021
MX_SLP_24034,14958,7451,7507
MX_SLP_24035,267839,129814,138025
MX_SLP_24036,28848,14563,14285
MX_SLP_24037,96820,47951,48869
MX_SLP_24038,15838,7975,7863
MX_SLP_24039,14274,7081,7193
MX_SLP_24040,37956,18672,19284
MX_SLP_24041,19312,9725,9587
MX_SLP_24042,14382,7077,7305
MX_SLP_24043,9024,4268,4756
MX_SLP_24044,7902,3974,3928
MX_SLP_24045,14492,7149,7343
MX_SLP_24046,16316,8117,8199
MX_SLP_24047,9779,4920,4859
MX_SLP_24048,5350,2694,2656
MX_SLP_24049,37928,18590,19338
MX_SLP_24050,46898,23204,23694
MX_SLP_24051,14876,7361,7515
MX_SLP_24052,10174,4988,5186
MX_SLP_24053,33245,16471,16774
MX_SLP_24054,51498,25484,26014
MX_SLP_24055,24596,12105,12491
MX_SLP_24056,15528,7713,7815
MX_SLP_24057,30299,15053,15246
MX_SLP_24058,20495,10326,10169
MX_SON,2662480,1339612,1322868
MX_SON_26001,2637,1405,1232
MX_SON_26002,79138,40117,39021
MX_SON_26003,25848,13497,12351
MX_SON_26004,9049,4624,4425
MX_SON_26005,1253,650,603
MX_SON_26006,3037,1571,1466
MX_SON_26007,625,326,299
MX_SON_26008,1252,667,585
MX_SON_26009,784,417,367
MX_SON_26010,1467,761,706
MX_SON_26011,1646,834,812
MX_SON_26012,22821,11581,11240
MX_SON_26013,1646,841,805
MX_SON_26014,3560,1833,1727
MX_SON_26015,1454,774,680
MX_SON_26016,5275,2651,2624
MX_SON_26017,81309,41370,39939
MX_SON_26018,409310,202700,206610
MX_SON_26019,32936,16415,16521
MX_SON_26020,5347,2854,2493
MX_SON_26021,1663,922,741
MX_SON_26022,958,532,426
MX_SON_26023,6362,3248,3114
MX_SON_26024,813,421,392
MX_SON_26025,54131,26996,27135
MX_SON_26026,60717,31131,29586
MX_SON_26027,8639,4467,4172
MX_SON_26028,1150,595,555
MX_SON_26029,149299,74740,74559
MX_SON_26030,784342,392697,391645
MX_SON_26031,1350,701,649
MX_SON_26032,962,513,449
MX_SON_26033,79313,40128,39185
MX_SON_26034,1154,593,561
MX_SON_26035,12316,6248,6068
MX_SON_26036,29707,14848,14859
MX_SON_26037,1350,708,642
MX_SON_26038,4680,2351,2329
MX_SON_26039,6401,3238,3163
MX_SON_26040,2051,1080,971
MX_SON_26041,12751,6575,6176
MX_SON_26042,157729,78242,79487
MX_SON_26043,220292,111295,108997
MX_SON_26044,399,214,185
MX_SON_26045,2878,1538,1340
MX_SON_26046,443,218,225
MX_SON_26047,9468,4936,4532
MX_SON_26048,57342,29460,27882
MX_SON_26049,3356,1797,1559
MX_SON_26050,1599,852,747
MX_SON_26051,5226,2737,2489
MX_SON_26052,6020,3109,2911
MX_SON_26053,396,202,194
MX_SON_26054,492,277,215
MX_SON_26055,178380,90545,87835
MX_SON_26056,8382,4592,3790
MX_SON_26057,1604,856,748
MX_SON_26058,16014,7961,8053
MX_SON_26059,1998,1015,983
MX_SON_26060,2703,1423,1280
MX_SON_26061,1284,716,568
MX_SON_26062,1121,604,517
MX_SON_26063,1365,716,649
MX_SON_26064,1731,938,793
MX_SON_26065,1735,904,831
MX_SON_26066,9185,4711,4474
MX_SON_26067,1738,893,845
MX_SON_26068,1254,688,566
MX_SON_26069,6046,3064,2982
MX_SON_26070,15652,8104,7548
MX_SON_26071,22009,11088,10921
MX_SON_26072,14136,7297,6839
MX_TAB,2238603,1100758,1137845
MX_TAB_27001,56739,28318,28421
MX_TAB_27002,248481,122234,126247
MX_TAB_27003,102110,50925,51185
MX_TAB_27004,640359,311619,328740
MX_TAB_27005,192802,95084,97718
MX_TAB_27006,126416,62368,64048
MX_TAB_27007,29518,14174,15344
MX_TAB_27008,179285,88749,90536
MX_TAB_27009,36391,18283,18108
MX_TAB_27010,83356,41362,41994
MX_TAB_27011,29511,14812,14699
MX_TAB_27012,153132,75220,77912
MX_TAB_27013,115066,56593,58473
MX_TAB_27014,86620,42887,43733
MX_TAB_27015,46302,23006,23296
MX_TAB_27016,53555,26314,27241
MX_TAB_27017,58960,28810,30150
MX_TAM,3268554,1616201,1652353
MX_TAM_28001,12070,6041,6029
MX_TAM_28002,29470,14857,14613
MX_TAM_28003,212001,105619,106382
MX_TAM_28004,9003,4494,4509
MX_TAM_28005,4589,2377,2212
MX_TAM_28006,7636,3953,3683
MX_TAM_28007,14933,7567,7366
MX_TAM_28008,4423,2326,2097
MX_TAM_28009,197216,94384,102832
MX_TAM_28010,2011,1023,988
MX_TAM_28011,8786,4507,4279
MX_TAM_28012,43435,21554,21881
MX_TAM_28013,15659,8091,7568
MX_TAM_28014,4477,2316,2161
MX_TAM_28015,15775,7979,7796
MX_TAM_28016,23793,12203,11590
MX_TAM_28017,15105,7605,7500
MX_TAM_28018,8338,4183,4155
MX_TAM_28019,17333,8783,8550
MX_TAM_28020,2579,1313,1266
MX_TAM_28021,115792,56501,59291
MX_TAM_28022,489193,242234,246959
MX_TAM_28023,4530,2359,2171
MX_TAM_28024,4762,2350,2412
MX_TAM_28025,27015,13467,13548
MX_TAM_28026,3514,1850,1664
MX_TAM_28027,384033,191001,193032
MX_TAM_28028,3381,1753,1628
MX_TAM_28029,12962,6603,6359
MX_TAM_28030,14020,7100,6920
MX_TAM_28031,1795,901,894
MX_TAM_28032,608891,303853,305038
MX_TAM_28033,118259,59174,59085
MX_TAM_28034,9331,4897,4434
MX_TAM_28035,57220,28800,28420
MX_TAM_28036,1031,535,496
MX_TAM_28037,24764,12664,12100
MX_TAM_28038,297554,142334,155220
MX_TAM_28039,27572,13717,13855
MX_TAM_28040,63170,31061,32109
MX_TAM_28041,321953,157152,164801
MX_TAM_28042,6316,3276,3040
MX_TAM_28043,22864,11444,11420
MX_TLA,1169936,565775,604161
MX_TLA_29001,9875,4819,5056
MX_TLA_29002,13361,6424,6937
MX_TLA_29003,6018,2914,3104
MX_TLA_29004,15935,7904,8031
MX_TLA_29005,76492,36269,40223
MX_TLA_29006,44807,21730,23077
MX_TLA_29007,15368,7527,7841
MX_TLA_29008,13671,6801,6870
MX_TLA_29009,5066,2504,2562
MX_TLA_29010,66149,31651,34498
MX_TLA_29011,4285,2156,2129
MX_TLA_29012,8399,4151,4248
MX_TLA_29013,84979,41296,43683
MX_TLA_29014,13879,6839,7040
MX_TLA_29015,35162,16917,18245
MX_TLA_29016,6791,3245,3546
MX_TLA_29017,9740,4764,4976
MX_TLA_29018,35084,17162,17922
MX_TLA_29019,18725,8990,9735
MX_TLA_29020,8474,4167,4307
MX_TLA_29021,16640,8127,8513
MX_TLA_29022,5711,2846,2865
MX_TLA_29023,23621,11330,12291
MX_TLA_29024,25128,12073,13055
MX_TLA_29025,69615,34281,35334
MX_TLA_29026,17968,8832,9136
MX_TLA_29027,11763,5732,6031
MX_TLA_29028,21671,10426,11245
MX_TLA_29029,11048,5233,5815
MX_TLA_29030,13775,6838,6937
MX_TLA_29031,28760,14026,14734
MX_TLA_29032,12410,5980,6430
MX_TLA_29033,89795,42529,47266
MX_TLA_29034,39939,19507,20432
MX_TLA_29035,5589,2756,2833
MX_TLA_29036,20625,9854,10771
MX_TLA_29037,8224,3935,4289
MX_TLA_29038,14611,7083,7528
MX_TLA_29039,21769,10847,10922
MX_TLA_29040,9777,4701,5076
MX_TLA_29041,26997,12969,14028
MX_TLA_29042,12255,5856,6399
MX_TLA_29043,33081,15941,17140
MX_TLA_29044,38654,18499,20155
MX_TLA_29045,5687,2757,2930
MX_TLA_29046,4146,1999,2147
MX_TLA_29047,2769,1349,1420
MX_TLA_29048,16834,8089,8745
MX_TLA_29049,5064,2508,2556
MX_TLA_29050,9880,4780,5100
MX_TLA_29051,3581,1681,1900
MX_TLA_29052,5660,2744,2916
MX_TLA_29053,6821,3221,3600
MX_TLA_29054,5045,2405,2640
MX_TLA_29055,2833,1342,1491
MX_TLA_29056,6857,3348,3509
MX_TLA_29057,4349,2034,2315
MX_TLA_29058,7992,3840,4152
MX_TLA_29059,6296,3109,3187
MX_TLA_29060,4436,2138,2298
MX_VER,7643194,3695679,3947515
MX_VER_30001,8223,4203,4020
MX_VER_30002,3085,1501,1584
MX_VER_30003,83817,40242,43575
MX_VER_30004,40994,20142,20852
MX_VER_30005,5129,2556,2573
MX_VER_30006,20973,10254,10719
MX_VER_30007,6224,3103,3121
MX_VER_30008,9691,4809,4882
MX_VER_30009,28017,14066,13951
MX_VER_30010,60396,29014,31382
MX_VER_30011,51955,25615,26340
MX_VER_30012,7487,3650,3837
MX_VER_30013,27548,13076,14472
MX_VER_30014,42268,20591,21677
MX_VER_30015,33528,16270,17258
MX_VER_30016,25500,12286,13214
MX_VER_30017,4027,1996,2031
MX_VER_30018,1797,866,931
MX_VER_30019,5995,2781,3214
MX_VER_30020,9824,4711,5113
MX_VER_30021,22986,11078,11908
MX_VER_30022,20063,9865,10198
MX_VER_30023,48397,24140,24257
MX_VER_30024,14613,7315,7298
MX_VER_30025,25456,12693,12763
MX_VER_30026,21546,10158,11388
MX_VER_30027,16692,8142,8550
MX_VER_30028,138058,64656,73402
MX_VER_30029,12929,6433,6496
MX_VER_30030,41778,19778,22000
MX_VER_30031,16313,7940,8373
MX_VER_30032,48593,23457,25136
MX_VER_30033,23483,11378,12105
MX_VER_30034,25801,12260,13541
MX_VER_30035,11081,5418,5663
MX_VER_30036,9416,4578,4838
MX_VER_30037,7810,3861,3949
MX_VER_30038,86696,41788,44908
MX_VER_30039,305260,147962,157298
MX_VER_30040,48351,23449,24902
MX_VER_30041,2144,1053,1091
MX_VER_30042,5728,2804,2924
MX_VER_30043,18713,9527,9186
MX_VER_30044,196541,91805,104736
MX_VER_30045,57366,27634,29732
MX_VER_30046,15668,7756,7912
MX_VER_30047,52510,25561,26949
MX_VER_30048,117725,56945,60780
MX_VER_30049,19710,9770,9940
MX_VER_30050,15492,7571,7921
MX_VER_30051,21822,10516,11306
MX_VER_30052,11645,5527,6118
MX_VER_30053,26265,12469,13796
MX_VER_30054,11683,5686,5997
MX_VER_30055,12626,6221,6405
MX_VER_30056,6752,3276,3476
MX_VER_30057,13190,6529,6661
MX_VER_30058,54982,26729,28253
MX_VER_30059,15214,7404,7810
MX_VER_30060,15286,7477,7809
MX_VER_30061,77426,38042,39384
MX_VER_30062,18601,9173,9428
MX_VER_30063,14688,7349,7339
MX_VER_30064,3889,1899,1990
MX_VER_30065,61718,30300,31418
MX_VER_30066,25548,12407,13141
MX_VER_30067,16418,8180,8238
MX_VER_30068,59761,28261,31500
MX_VER_30069,24353,11436,12917
MX_VER_30070,18277,9220,9057
MX_VER_30071,54561,26216,28345
MX_VER_30072,20765,10014,10751
MX_VER_30073,41649,20276,21373
MX_VER_30074,6750,3253,3497
MX_VER_30075,17121,8293,8828
MX_VER_30076,13575,6423,7152
MX_VER_30077,42205,20520,21685
MX_VER_30078,12713,6340,6373
MX_VER_30079,10724,5400,5324
MX_VER_30080,21407,10541,10866
MX_VER_30081,21150,10121,11029
MX_VER_30082,14903,7361,7542
MX_VER_30083,49820,24351,25469
MX_VER_30084,5727,2856,2871
MX_VER_30085,65385,31521,33864
MX_VER_30086,40747,19969,20778
MX_VER_30087,457928,213571,244357
MX_VER_30088,4940,2480,2460
MX_VER_30089,39673,18929,20744
MX_VER_30090,10376,5085,5291
MX_VER_30091,27080,13394,13686
MX_VER_30092,35188,17276,17912
MX_VER_30093,15313,7401,7912
MX_VER_30094,37193,18326,18867
MX_VER_30095,16387,8067,8320
MX_VER_30096,1546,746,800
MX_VER_30097,20141,9468,10673
MX_VER_30098,2920,1443,1477
MX_VER_30099,16898,8098,8800
MX_VER_30100,22585,11171,11414
MX_VER_30101,33941,16253,17688
MX_VER_30102,101358,48561,52797
MX_VER_30103,11808,5787,6021
MX_VER_30104,17333,8501,8832
MX_VER_30105,59126,28431,30695
MX_VER_30106,4429,2154,2275
MX_VER_30107,2897,1468,1429
MX_VER_30108,157840,76222,81618
MX_VER_30109,62919,30771,32148
MX_VER_30110,10387,5221,5166
MX_VER_30111,16120,7851,8269
MX_VER_30112,20255,9861,10394
MX_VER_30113,4507,2163,2344
MX_VER_30114,9974,4873,5101
MX_VER_30115,34688,16604,18084
MX_VER_30116,14784,7097,7687
MX_VER_30117,22561,10850,11711
MX_VER_30118,120995,55845,65150
MX_VER_30119,5250,2511,2739
MX_VER_30120,14965,7289,7676
MX_VER_30121,23276,11937,11339
MX_VER_30122,15909,7923,7986
MX_VER_30123,97290,48357,48933
MX_VER_30124,158599,77291,81308
MX_VER_30125,29165,14390,14775
MX_VER_30126,32576,16252,16324
MX_VER_30127,23648,11498,12150
MX_VER_30128,68982,34642,34340
MX_VER_30129,17888,8780,9108
MX_VER_30130,40984,19660,21324
MX_VER_30131,193311,91390,101921
MX_VER_30132,17958,8889,9069
MX_VER_30133,55358,27668,27690
MX_VER_30134,21603,10628,10975
MX_VER_30135,20245,9978,10267
MX_VER_30136,7023,3405,3618
MX_VER_30137,5484,2696,2788
MX_VER_30138,40634,19042,21592
MX_VER_30139,5908,2864,3044
MX_VER_30140,2715,1311,1404
MX_VER_30141,157364,75604,81760
MX_VER_30142,33435,16442,16993
MX_VER_30143,56427,27099,29328
MX_VER_30144,31974,15604,16370
MX_VER_30145,14395,6994,7401
MX_VER_30146,3502,1749,1753
MX_VER_30147,21380,10496,10884
MX_VER_30148,27008,13339,13669
MX_VER_30149,32596,15964,16632
MX_VER_30150,11211,5599,5612
MX_VER_30151,23588,11841,11747
MX_VER_30152,12242,6329,5913
MX_VER_30153,5873,2867,3006
MX_VER_30154,12814,6483,6331
MX_VER_30155,101743,50432,51311
MX_VER_30156,5584,2903,2681
MX_VER_30157,18663,9334,9329
MX_VER_30158,25126,12351,12775
MX_VER_30159,23479,11298,12181
MX_VER_30160,104499,51618,52881
MX_VER_30161,34956,17311,17645
MX_VER_30162,6247,3053,3194
MX_VER_30163,5222,2486,2736
MX_VER_30164,16327,7982,8345
MX_VER_30165,8249,4207,4042
MX_VER_30166,9004,4545,4459
MX_VER_30167,13949,6918,7031
MX_VER_30168,14648,7202,7446
MX_VER_30169,23999,11727,12272
MX_VER_30170,10627,5149,5478
MX_VER_30171,5292,2492,2800
MX_VER_30172,20199,10063,10136
MX_VER_30173,52584,25931,26653
MX_VER_30174,94087,45203,48884
MX_VER_30175,89774,43978,45796
MX_VER_30176,4632,2285,2347
MX_VER_30177,10299,5189,5110
MX_VER_30178,13284,6415,6869
MX_VER_30179,3965,1944,2021
MX_VER_30180,11276,5563,5713
MX_VER_30181,37037,18181,18856
MX_VER_30182,16311,7940,8371
MX_VER_30183,58084,28079,30005
MX_VER_30184,7151,3333,3818
MX_VER_30185,4879,2358,2521
MX_VER_30186,6763,3330,3433
MX_VER_30187,5696,2752,2944
MX_VER_30188,16403,8176,8227
MX_VER_30189,143362,69764,73598
MX_VER_30190,2177,1078,1099
MX_VER_30191,29005,14077,14928
MX_VER_30192,19541,9477,10064
MX_VER_30193,552156,261537,290619
MX_VER_30194,10851,5333,5518
MX_VER_30195,5163,2611,2552
MX_VER_30196,17462,8204,9258
MX_VER_30197,11357,5580,5777
MX_VER_30198,6784,3262,3522
MX_VER_30199,10720,5190,5530
MX_VER_30200,12379,6205,6174
MX_VER_30201,41923,20699,21224
MX_VER_30202,13866,6868,6998
MX_VER_30203,13434,6599,6835
MX_VER_30204,46010,22329,23681
MX_VER_30205,19128,9512,9616
MX_VER_30206,27094,12978,14116
MX_VER_30207,45095,21938,23157
MX_VER_30208,22907,10921,11986
MX_VER_30209,14297,7061,7236
MX_VER_30210,27346,13681,13665
MX_VER_30211,29277,14219,15058
MX_VER_30212,12409,5986,6423
MX_YUC,1955577,963333,992244
MX_YUC_31001,6356,3254,3102
MX_YUC_31002,15337,7599,7738
MX_YUC_31003,10362,5104,5258
MX_YUC_31004,5701,2819,2882
MX_YUC_31005,2053,1053,1000
MX_YUC_31006,8637,4336,4301
MX_YUC_31007,6811,3483,3328
MX_YUC_31008,4095,2080,2015
MX_YUC_31009,4696,2327,2369
MX_YUC_31010,2407,1255,1152
MX_YUC_31011,6831,3493,3338
MX_YUC_31012,3701,1765,1936
MX_YUC_31013,9143,4584,4559
MX_YUC_31014,1595,815,780
MX_YUC_31015,4966,2493,2473
MX_YUC_31016,2818,1417,1401
MX_YUC_31017,4464,2276,2188
MX_YUC_31018,3035,1509,1526
MX_YUC_31019,33490,16797,16693
MX_YUC_31020,4113,2123,1990
MX_YUC_31021,7952,3982,3970
MX_YUC_31022,4162,2103,2059
MX_YUC_31023,4530,2318,2212
MX_YUC_31024,3148,1552,1596
MX_YUC_31025,4941,2399,2542
MX_YUC_31026,3489,1777,1712
MX_YUC_31027,8133,4115,4018
MX_YUC_31028,2463,1262,1201
MX_YUC_31029,5905,3027,2878
MX_YUC_31030,3540,1813,1727
MX_YUC_31031,2772,1401,1371
MX_YUC_31032,15571,7928,7643
MX_YUC_31033,19072,9609,9463
MX_YUC_31034,6061,3033,3028
MX_YUC_31035,5697,2816,2881
MX_YUC_31036,7257,3688,3569
MX_YUC_31037,4841,2471,2370
MX_YUC_31038,30731,15330,15401
MX_YUC_31039,3803,1946,1857
MX_YUC_31040,25980,12887,13093
MX_YUC_31041,78709,39102,39607
MX_YUC_31042,5502,2764,2738
MX_YUC_31043,2761,1419,1342
MX_YUC_31044,6571,3301,3270
MX_YUC_31045,2449,1255,1194
MX_YUC_31046,2888,1366,1522
MX_YUC_31047,5250,2560,2690
MX_YUC_31048,21704,10860,10844
MX_YUC_31049,3269,1676,1593
MX_YUC_31050,830732,401340,429392
MX_YUC_31051,3071,1548,1523
MX_YUC_31052,33978,16817,17161
MX_YUC_31053,12336,6061,6275
MX_YUC_31054,2755,1341,1414
MX_YUC_31055,6285,3201,3084
MX_YUC_31056,29325,13947,15378
MX_YUC_31057,7461,3718,3743
MX_YUC_31058,24159,12025,12134
MX_YUC_31059,53958,26925,27033
MX_YUC_31060,942,470,472
MX_YUC_31061,3438,1749,1689
MX_YUC_31062,4589,2368,2221
MX_YUC_31063,5008,2532,2476
MX_YUC_31064,1619,813,806
MX_YUC_31065,1839,956,883
MX_YUC_31066,3833,1855,1978
MX_YUC_31067,9276,4733,4543
MX_YUC_31068,3126,1622,1504
MX_YUC_31069,8449,4336,4113
MX_YUC_31070,3930,1994,1936
MX_YUC_31071,1689,890,799
MX_YUC_31072,1876,946,930
MX_YUC_31073,4447,2281,2166
MX_YUC_31074,3609,1841,1768
MX_YUC_31075,6205,3071,3134
MX_YUC_31076,16200,8160,8040
MX_YUC_31077,2606,1313,1293
MX_YUC_31078,3683,1830,1853
MX_YUC_31079,40547,19975,20572
MX_YUC_31080,9884,4965,4919
MX_YUC_31081,3100,1553,1547
MX_YUC_31082,3557,1803,1754
MX_YUC_31083,1726,906,820
MX_YUC_31084,6817,3425,3392
MX_YUC_31085,14801,7494,7307
MX_YUC_31086,2226,1141,1085
MX_YUC_31087,4725,2313,2412
MX_YUC_31088,1977,972,1005
MX_YUC_31089,37685,18593,19092
MX_YUC_31090,6833,3496,3337
MX_YUC_31091,11421,5788,5633
MX_YUC_31092,6665,3362,3303
MX_YUC_31093,17176,8500,8676
MX_YUC_31094,4746,2411,2335
MX_YUC_31095,5388,2660,2728
MX_YUC_31096,73138,36468,36670
MX_YUC_31097,3464,1774,1690
MX_YUC_31098,14011,7102,6909
MX_YUC_31099,3782,1944,1838
MX_YUC_31100,3469,1744,1725
MX_YUC_31101,50993,25443,25550
MX_YUC_31102,74217,36624,37593
MX_YUC_31103,3236,1660,1576
MX_YUC_31104,14802,7646,7156
MX_YUC_31105,2868,1443,1425
MX_YUC_31106,2137,1103,1034
MX_ZAC,1490668,726897,763771
MX_ZAC_32001,6314,3067,3247
MX_ZAC_32002,5005,2347,2658
MX_ZAC_32003,2692,1287,1405
MX_ZAC_32004,4372,2221,2151
MX_ZAC_32005,39917,19726,20191
MX_ZAC_32006,8239,4039,4200
MX_ZAC_32007,12803,6448,6355
MX_ZAC_32008,11915,5818,6097
MX_ZAC_32009,10565,5103,5462
MX_ZAC_32010,213139,104348,108791
MX_ZAC_32011,3013,1472,1541
MX_ZAC_32012,8104,3984,4120
MX_ZAC_32013,5894,2905,2989
MX_ZAC_32014,21974,10568,11406
MX_ZAC_32015,1609,795,814
MX_ZAC_32016,22346,10976,11370
MX_ZAC_32017,159991,77843,82148
MX_ZAC_32018,4306,2096,2210
MX_ZAC_32019,23557,11380,12177
MX_ZAC_32020,57610,27792,29818
MX_ZAC_32021,4584,2238,2346
MX_ZAC_32022,20543,9947,10596
MX_ZAC_32023,12284,5863,6421
MX_ZAC_32024,48365,23746,24619
MX_ZAC_32025,12234,6075,6159
MX_ZAC_32026,17813,9331,8482
MX_ZAC_32027,2662,1414,1248
MX_ZAC_32028,2584,1219,1365
MX_ZAC_32029,22296,10853,11443
MX_ZAC_32030,2529,1216,1313
MX_ZAC_32031,8929,4352,4577
MX_ZAC_32032,11493,5690,5803
MX_ZAC_32033,4563,2155,2408
MX_ZAC_32034,27932,13157,14775
MX_ZAC_32035,15607,7663,7944
MX_ZAC_32036,40740,19749,20991
MX_ZAC_32037,16875,8407,8468
MX_ZAC_32038,69844,33973,35871
MX_ZAC_32039,62693,30198,32495
MX_ZAC_32040,21533,10433,11100
MX_ZAC_32041,2710,1378,1332
MX_ZAC_32042,61188,30159,31029
MX_ZAC_32043,1360,636,724
MX_ZAC_32044,15656,7603,8053
MX_ZAC_32045,8215,3934,4281
MX_ZAC_32046,7090,3401,3689
MX_ZAC_32047,5506,2656,2850
MX_ZAC_32048,25493,12470,13023
MX_ZAC_32049,33323,16349,16974
MX_ZAC_32050,9353,4561,4792
MX_ZAC_32051,34328,17164,17164
MX_ZAC_32052,18269,9035,9234
MX_ZAC_32053,12893,6177,6716
MX_ZAC_32054,18490,9120,9370
MX_ZAC_32055,29395,14303,15092
MX_ZAC_32056,138176,66297,71879
MX_ZAC_32057,16934,8358,8576
MX_ZAC_32058,2821,1402,1419
PE,29381884,14450757,14931127
PE_AMA,379384,191275,188109
PE_AMA_0101,32589,15426,17163
PE_AMA_0102,262,134,128
PE_AMA_0103,1136,596,540
PE_AMA_0104,642,317,325
PE_AMA_0105,585,303,282
PE_AMA_0106,1781,916,865
PE_AMA_0107,480,238,242
PE_AMA_0108,1258,995,263
PE_AMA_0109,3978,1949,2029
PE_AMA_0110,3620,1841,1779
PE_AMA_0111,794,396,398
PE_AMA_0112,852,414,438
PE_AMA_0113,1367,685,682
PE_AMA_0114,2176,1061,1115
PE_AMA_0115,496,245,251
PE_AMA_0116,375,192,183
PE_AMA_0117,769,353,416
PE_AMA_0118,295,150,145
PE_AMA_0119,580,313,267
PE_AMA_0120,1224,654,570
PE_AMA_0121,247,123,124
PE_AMA_0201,27102,13329,13773
PE_AMA_0202,9765,5102,4663
PE_AMA_0203,4595,2365,2230
PE_AMA_0204,1216,640,576
PE_AMA_0205,25162,12539,12623
PE_AMA_0206,6260,3223,3037
PE_AMA_0301,1337,676,661
PE_AMA_0302,306,167,139
PE_AMA_0303,287,146,141
PE_AMA_0304,772,388,384
PE_AMA_0305,669,316,353
PE_AMA_0306,5999,2995,3004
PE_AMA_0307,7580,3829,3751
PE_AMA_0308,208,108,100
PE_AMA_0309,489,249,240
PE_AMA_0310,1539,780,759
PE_AMA_0311,874,431,443
PE_AMA_0312,5577,2766,2811
PE_AMA_0401,18626,9316,9310
PE_AMA_0402,9891,4872,5019
PE_AMA_0403,13953,6882,7071
PE_AMA_0501,2227,1010,1217
PE_AMA_0502,6473,3392,3081
PE_AMA_0503,1881,996,885
PE_AMA_0504,1853,890,963
PE_AMA_0505,1840,920,920
PE_AMA_0506,498,251,247
PE_AMA_0507,839,443,396
PE_AMA_0508,842,430,412
PE_AMA_0509,3959,1878,2081
PE_AMA_0510,388,189,199
PE_AMA_0511,744,393,351
PE_AMA_0512,3556,1858,1698
PE_AMA_0513,3446,1834,1612
PE_AMA_0514,4768,2551,2217
PE_AMA_0515,1316,706,610
PE_AMA_0516,546,243,303
PE_AMA_0517,695,362,333
PE_AMA_0518,633,320,313
PE_AMA_0519,419,213,206
PE_AMA_0520,1888,930,958
PE_AMA_0521,3012,1476,1536
PE_AMA_0522,1265,624,641
PE_AMA_0523,1348,677,671
PE_AMA_0601,6016,3014,3002
PE_AMA_0602,2498,1349,1149
PE_AMA_0603,595,324,271
PE_AMA_0604,2620,1338,1282
PE_AMA_0605,2280,1196,1084
PE_AMA_0606,1631,851,780
PE_AMA_0607,1506,768,738
PE_AMA_0608,453,242,211
PE_AMA_0609,8793,4620,4173
PE_AMA_0610,512,258,254
PE_AMA_0611,282,146,136
PE_AMA_0612,2812,1468,1344
PE_AMA_0701,50841,25373,25468
PE_AMA_0702,23089,11920,11169
PE_AMA_0703,7855,4024,3831
PE_AMA_0704,5825,3122,2703
PE_AMA_0705,6620,3413,3207
PE_AMA_0706,10080,5285,4795
PE_AMA_0707,2927,1558,1369
PE_ANC,1083519,534101,549418
PE_ANC_0101,60896,30087,30809
PE_ANC_0102,1639,837,802
PE_ANC_0103,294,156,138
PE_ANC_0104,1600,822,778
PE_ANC_0105,76088,36630,39458
PE_ANC_0106,4781,2428,2353
PE_ANC_0107,1066,495,571
PE_ANC_0108,2351,1120,1231
PE_ANC_0109,956,477,479
PE_ANC_0110,4606,2338,2268
PE_ANC_0111,3321,1677,1644
PE_ANC_0112,6338,3032,3306
PE_ANC_0201,2017,1141,876
PE_ANC_0202,1639,821,818
PE_ANC_0203,364,165,199
PE_ANC_0204,1582,753,829
PE_ANC_0205,714,362,352
PE_ANC_0301,3288,1661,1627
PE_ANC_0302,1918,934,984
PE_ANC_0303,1368,670,698
PE_ANC_0304,1851,909,942
PE_ANC_0305,4067,1984,2083
PE_ANC_0306,1158,564,594
PE_ANC_0401,4563,2235,2328
PE_ANC_0402,2815,1287,1528
PE_ANC_0501,4023,2004,2019
PE_ANC_0502,244,124,120
PE_ANC_0503,994,482,512
PE_ANC_0504,2062,1034,1028
PE_ANC_0505,1677,939,738
PE_ANC_0506,312,167,145
PE_ANC_0507,2313,1191,1122
PE_ANC_0508,6468,3366,3102
PE_ANC_0509,1432,727,705
PE_ANC_0510,1253,641,612
PE_ANC_0511,457,228,229
PE_ANC_0512,492,236,256
PE_ANC_0513,917,475,442
PE_ANC_0514,495,238,257
PE_ANC_0515,658,327,331
PE_ANC_0601,15122,7307,7815
PE_ANC_0602,2472,1207,1265
PE_ANC_0603,1431,679,752
PE_ANC_0604,2365,1116,1249
PE_ANC_0605,1469,702,767
PE_ANC_0606,9478,4635,4843
PE_ANC_0607,1381,663,718
PE_ANC_0608,2350,1133,1217
PE_ANC_0609,2789,1300,1489
PE_ANC_0610,3335,1589,1746
PE_ANC_0611,2992,1455,1537
PE_ANC_0701,10493,4986,5507
PE_ANC_0702,3131,1497,1634
PE_ANC_0703,4093,1949,2144
PE_ANC_0801,35765,17679,18086
PE_ANC_0802,4831,2467,2364
PE_ANC_0803,2088,1108,980
PE_ANC_0804,8305,4245,4060
PE_ANC_0901,1677,854,823
PE_ANC_0902,379,184,195
PE_ANC_0903,445,236,209
PE_ANC_0904,2678,1334,1344
PE_ANC_0905,1026,541,485
PE_ANC_0906,634,342,292
PE_ANC_0907,693,346,347
PE_ANC_1001,9178,4397,4781
PE_ANC_1002,1362,681,681
PE_ANC_1003,2573,1202,1371
PE_ANC_1004,7971,3799,4172
PE_ANC_1005,1782,881,901
PE_ANC_1006,1427,698,729
PE_ANC_1007,3307,1607,1700
PE_ANC_1008,2571,1243,1328
PE_ANC_1009,1361,669,692
PE_ANC_1010,1561,782,779
PE_ANC_1011,2642,1260,1382
PE_ANC_1012,705,378,327
PE_ANC_1013,1406,670,736
PE_ANC_1014,17033,10372,6661
PE_ANC_1015,2534,1263,1271
PE_ANC_1016,1301,664,637
PE_ANC_1101,25117,12670,12447
PE_ANC_1102,740,390,350
PE_ANC_1103,3097,1633,1464
PE_ANC_1104,861,455,406
PE_ANC_1105,745,396,349
PE_ANC_1201,24128,11746,12382
PE_ANC_1202,960,507,453
PE_ANC_1203,1344,649,695
PE_ANC_1204,1614,768,846
PE_ANC_1205,1849,921,928
PE_ANC_1206,7804,3925,3879
PE_ANC_1207,6371,3072,3299
PE_ANC_1208,4229,2081,2148
PE_ANC_1209,1055,518,537
PE_ANC_1210,1980,997,983
PE_ANC_1301,3024,1436,1588
PE_ANC_1302,3668,1728,1940
PE_ANC_1303,1326,659,667
PE_ANC_1304,1908,931,977
PE_ANC_1305,1020,525,495
PE_ANC_1306,5629,2683,2946
PE_ANC_1307,2732,1284,1448
PE_ANC_1308,977,474,503
PE_ANC_1401,1203,616,587
PE_ANC_1402,656,330,326
PE_ANC_1403,300,145,155
PE_ANC_1404,472,249,223
PE_ANC_1405,1421,740,681
PE_ANC_1406,1219,673,546
PE_ANC_1407,279,142,137
PE_ANC_1408,438,212,226
PE_ANC_1409,622,332,290
PE_ANC_1410,429,239,190
PE_ANC_1501,2445,1192,1253
PE_ANC_1502,986,503,483
PE_ANC_1503,7391,3638,3753
PE_ANC_1504,523,256,267
PE_ANC_1505,1001,522,479
PE_ANC_1506,505,254,251
PE_ANC_1507,597,286,311
PE_ANC_1508,2364,1159,1205
PE_ANC_1509,3980,1892,2088
PE_ANC_1510,1026,561,465
PE_ANC_1511,2673,1291,1382
PE_ANC_1601,13834,6566,7268
PE_ANC_1602,2954,1386,1568
PE_ANC_1603,5806,2781,3025
PE_ANC_1604,2200,1058,1142
PE_ANC_1701,4406,2067,2339
PE_ANC_1702,3907,1856,2051
PE_ANC_1703,409,211,198
PE_ANC_1704,620,277,343
PE_ANC_1705,912,439,473
PE_ANC_1706,1608,804,804
PE_ANC_1707,923,449,474
PE_ANC_1708,1517,766,751
PE_ANC_1709,421,204,217
PE_ANC_1710,2462,1133,1329
PE_ANC_1801,206213,102039,104174
PE_ANC_1802,4420,2337,2083
PE_ANC_1803,15979,7796,8183
PE_ANC_1804,3125,1644,1481
PE_ANC_1805,8034,4158,3876
PE_ANC_1806,14324,7266,7058
PE_ANC_1807,4770,2441,2329
PE_ANC_1808,19621,9736,9885
PE_ANC_1809,159321,77290,82031
PE_ANC_1901,5411,2584,2827
PE_ANC_1902,1612,815,797
PE_ANC_1903,533,262,271
PE_ANC_1904,2739,1294,1445
PE_ANC_1905,905,449,456
PE_ANC_1906,3518,1654,1864
PE_ANC_1907,2306,1107,1199
PE_ANC_1908,2278,1144,1134
PE_ANC_1909,6187,3020,3167
PE_ANC_1910,1482,689,793
PE_ANC_2001,20070,9850,10220
PE_ANC_2002,1674,820,854
PE_ANC_2003,6336,3021,3315
PE_ANC_2004,1343,665,678
PE_ANC_2005,11629,5731,5898
PE_ANC_2006,2657,1307,1350
PE_ANC_2007,1840,884,956
PE_ANC_2008,5292,2537,2755
PE_APU,405759,200801,204958
PE_APU_0101,69028,33646,35382
PE_APU_0102,1339,659,680
PE_APU_0103,1866,960,906
PE_APU_0104,16223,8062,8161
PE_APU_0105,2886,1460,1426
PE_APU_0106,3002,1469,1533
PE_APU_0107,2774,1372,1402
PE_APU_0108,2541,1227,1314
PE_APU_0109,10861,5236,5625
PE_APU_0201,42268,20561,21707
PE_APU_0202,5459,2605,2854
PE_APU_0203,1186,590,596
PE_APU_0204,5210,2462,2748
PE_APU_0205,3753,1826,1927
PE_APU_0206,750,366,384
PE_APU_0207,6023,2952,3071
PE_APU_0208,3452,1700,1752
PE_APU_0209,7989,3889,4100
PE_APU_0210,2199,1047,1152
PE_APU_0211,863,388,475
PE_APU_0212,2910,1431,1479
PE_APU_0213,20738,9901,10837
PE_APU_0214,1613,804,809
PE_APU_0215,8152,3948,4204
PE_APU_0216,18509,8879,9630
PE_APU_0217,1864,901,963
PE_APU_0218,3642,1755,1887
PE_APU_0219,1816,852,964
PE_APU_0220,4081,1994,2087
PE_APU_0301,2776,1388,1388
PE_APU_0302,552,303,249
PE_APU_0303,1841,1092,749
PE_APU_0304,1711,845,866
PE_APU_0305,2268,1140,1128
PE_APU_0306,1054,536,518
PE_APU_0307,1108,533,575
PE_APU_0401,4928,2481,2447
PE_APU_0402,580,281,299
PE_APU_0403,929,455,474
PE_APU_0404,1893,933,960
PE_APU_0405,693,336,357
PE_APU_0406,2570,1359,1211
PE_APU_0407,462,252,210
PE_APU_0408,735,356,379
PE_APU_0409,1529,749,780
PE_APU_0410,1022,520,502
PE_APU_0411,769,381,388
PE_APU_0412,1107,552,555
PE_APU_0413,711,356,355
PE_APU_0414,1848,946,902
PE_APU_0415,2272,1110,1162
PE_APU_0416,1278,639,639
PE_APU_0417,981,485,496
PE_APU_0501,10381,5143,5238
PE_APU_0502,3886,1963,1923
PE_APU_0503,6586,3209,3377
PE_APU_0504,9430,4683,4747
PE_APU_0505,5848,2938,2910
PE_APU_0506,14525,8895,5630
PE_APU_0601,5293,2681,2612
PE_APU_0602,10388,4999,5389
PE_APU_0603,1728,904,824
PE_APU_0604,6634,3347,3287
PE_APU_0605,6759,3306,3453
PE_APU_0606,2344,1206,1138
PE_APU_0607,2650,1304,1346
PE_APU_0608,4046,1957,2089
PE_APU_0609,2689,1341,1348
PE_APU_0610,1728,851,877
PE_APU_0611,988,514,474
PE_APU_0701,5023,2464,2559
PE_APU_0702,1936,954,982
PE_APU_0703,2782,1384,1398
PE_APU_0704,1368,680,688
PE_APU_0705,858,426,432
PE_APU_0706,935,455,480
PE_APU_0707,798,408,390
PE_APU_0708,2945,1507,1438
PE_APU_0709,272,139,133
PE_APU_0710,560,249,311
PE_APU_0711,628,325,303
PE_APU_0712,1233,644,589
PE_APU_0713,675,339,336
PE_APU_0714,1229,616,613
PE_ARE,1382730,677551,705179
PE_ARE_0101,55437,25999,29438
PE_ARE_0102,85870,41053,44817
PE_ARE_0103,91935,43886,48049
PE_ARE_0104,197954,96135,101819
PE_ARE_0105,12949,6269,6680
PE_ARE_0106,2939,1517,1422
PE_ARE_0107,50164,24157,26007
PE_ARE_0108,32019,16137,15882
PE_ARE_0109,59918,28798,31120
PE_ARE_0110,60589,29179,31410
PE_ARE_0111,4756,2412,2344
PE_ARE_0112,131346,63265,68081
PE_ARE_0113,445,234,211
PE_ARE_0114,837,425,412
PE_ARE_0115,4784,2368,2416
PE_ARE_0116,4368,2116,2252
PE_ARE_0117,24225,11635,12590
PE_ARE_0118,611,307,304
PE_ARE_0119,1377,685,692
PE_ARE_0120,682,392,290
PE_ARE_0121,6318,3170,3148
PE_ARE_0122,75351,37450,37901
PE_ARE_0123,16191,7784,8407
PE_ARE_0124,14054,6817,7237
PE_ARE_0125,3610,1854,1756
PE_ARE_0126,25417,11778,13639
PE_ARE_0127,1314,664,650
PE_ARE_0128,33346,16497,16849
PE_ARE_0129,81829,38451,43378
PE_ARE_0201,13367,6621,6746
PE_ARE_0202,4641,2236,2405
PE_ARE_0203,6997,3816,3181
PE_ARE_0204,6195,3259,2936
PE_ARE_0205,7106,3493,3613
PE_ARE_0206,4171,2196,1975
PE_ARE_0207,943,527,416
PE_ARE_0208,15950,7879,8071
PE_ARE_0301,4259,2183,2076
PE_ARE_0302,4923,2679,2244
PE_ARE_0303,5215,2876,2339
PE_ARE_0304,473,249,224
PE_ARE_0305,3171,1752,1419
PE_ARE_0306,610,305,305
PE_ARE_0307,9240,5142,4098
PE_ARE_0308,3685,2256,1429
PE_ARE_0309,3047,2000,1047
PE_ARE_0310,1532,733,799
PE_ARE_0311,1477,810,667
PE_ARE_0312,1837,966,871
PE_ARE_0313,1877,946,931
PE_ARE_0401,8435,4197,4238
PE_ARE_0402,1038,602,436
PE_ARE_0403,242,136,106
PE_ARE_0404,1646,915,731
PE_ARE_0405,947,466,481
PE_ARE_0406,702,372,330
PE_ARE_0407,1472,797,675
PE_ARE_0408,488,249,239
PE_ARE_0409,8177,4404,3773
PE_ARE_0410,2032,1015,1017
PE_ARE_0411,432,227,205
PE_ARE_0412,207,123,84
PE_ARE_0413,6266,3159,3107
PE_ARE_0414,1545,791,754
PE_ARE_0501,5770,2795,2975
PE_ARE_0502,841,419,422
PE_ARE_0503,2096,1065,1031
PE_ARE_0504,1458,736,722
PE_ARE_0505,3697,2217,1480
PE_ARE_0506,1089,537,552
PE_ARE_0507,670,363,307
PE_ARE_0508,1010,535,475
PE_ARE_0509,555,281,274
PE_ARE_0510,904,434,470
PE_ARE_0511,718,403,315
PE_ARE_0512,701,347,354
PE_ARE_0513,648,312,336
PE_ARE_0514,886,463,423
PE_ARE_0515,669,345,324
PE_ARE_0516,772,525,247
PE_ARE_0517,1441,833,608
PE_ARE_0518,621,316,305
PE_ARE_0519,2117,1116,1001
PE_ARE_0520,60108,29950,30158
PE_ARE_0601,3290,1593,1697
PE_ARE_0602,677,467,210
PE_ARE_0603,3212,2052,1160
PE_ARE_0604,675,387,288
PE_ARE_0605,595,286,309
PE_ARE_0606,3263,1908,1355
PE_ARE_0607,478,230,248
PE_ARE_0608,3928,2217,1711
PE_ARE_0701,24073,11950,12123
PE_ARE_0702,8347,4236,4111
PE_ARE_0703,6854,3416,3438
PE_ARE_0704,5132,2723,2409
PE_ARE_0705,1172,651,521
PE_ARE_0706,6456,3250,3206
PE_ARE_0801,2925,1424,1501
PE_ARE_0802,1849,911,938
PE_ARE_0803,577,293,284
PE_ARE_0804,1913,989,924
PE_ARE_0805,1122,546,576
PE_ARE_0806,2342,1164,1178
PE_ARE_0807,265,144,121
PE_ARE_0808,319,177,142
PE_ARE_0809,301,152,149
PE_ARE_0810,658,315,343
PE_ARE_0811,556,267,289
PE_AYA,616176,304340,311836
PE_AYA_0101,99427,47765,51662
PE_AYA_0102,7403,3666,3737
PE_AYA_0103,4383,2186,2197
PE_AYA_0104,28252,13648,14604
PE_AYA_0105,5698,2836,2862
PE_AYA_0106,5373,2689,2684
PE_AYA_0107,3114,1556,1558
PE_AYA_0108,5083,2455,2628
PE_AYA_0109,1403,693,710
PE_AYA_0110,49034,23458,25576
PE_AYA_0111,1427,690,737
PE_AYA_0112,5952,2875,3077
PE_AYA_0113,5047,2539,2508
PE_AYA_0114,13634,6504,7130
PE_AYA_0115,18492,8958,9534
PE_AYA_0116,28472,15065,13407
PE_AYA_0201,5479,2557,2922
PE_AYA_0202,8321,4140,4181
PE_AYA_0203,7463,3596,3867
PE_AYA_0204,2067,961,1106
PE_AYA_0205,4104,1977,2127
PE_AYA_0206,3009,1399,1610
PE_AYA_0301,3202,1577,1625
PE_AYA_0302,1826,854,972
PE_AYA_0303,1313,629,684
PE_AYA_0304,2068,986,1082
PE_AYA_0401,39517,18704,20813
PE_AYA_0402,1196,570,626
PE_AYA_0403,4162,1942,2220
PE_AYA_0404,2667,1245,1422
PE_AYA_0405,5490,2578,2912
PE_AYA_0406,3852,1839,2013
PE_AYA_0407,10797,5646,5151
PE_AYA_0408,10058,5331,4727
PE_AYA_0409,3520,1964,1556
PE_AYA_0410,3522,1746,1776
PE_AYA_0411,2523,1259,1264
PE_AYA_0412,2162,995,1167
PE_AYA_0501,10326,5050,5276
PE_AYA_0502,7969,4220,3749
PE_AYA_0503,9298,4831,4467
PE_AYA_0504,1643,785,858
PE_AYA_0505,4218,2115,2103
PE_AYA_0506,1278,648,630
PE_AYA_0507,11279,5787,5492
PE_AYA_0508,10173,4815,5358
PE_AYA_0509,9410,4921,4489
PE_AYA_0510,4039,2125,1914
PE_AYA_0511,1020,523,497
PE_AYA_0601,13919,6810,7109
PE_AYA_0602,2903,1372,1531
PE_AYA_0603,2189,1089,1100
PE_AYA_0604,1681,847,834
PE_AYA_0605,2163,1203,960
PE_AYA_0606,2554,1274,1280
PE_AYA_0607,1560,858,702
PE_AYA_0608,1577,799,778
PE_AYA_0609,1094,564,530
PE_AYA_0610,893,487,406
PE_AYA_0611,2726,1393,1333
PE_AYA_0612,2291,1162,1129
PE_AYA_0613,1866,1052,814
PE_AYA_0614,791,463,328
PE_AYA_0615,1718,831,887
PE_AYA_0616,967,618,349
PE_AYA_0617,2653,1349,1304
PE_AYA_0618,927,496,431
PE_AYA_0619,4778,2783,1995
PE_AYA_0620,796,392,404
PE_AYA_0621,1282,691,591
PE_AYA_0701,13124,6356,6768
PE_AYA_0702,2186,1083,1103
PE_AYA_0703,1722,1196,526
PE_AYA_0704,630,317,313
PE_AYA_0705,6271,3537,2734
PE_AYA_0706,2062,1034,1028
PE_AYA_0707,516,274,242
PE_AYA_0708,1148,583,565
PE_AYA_0801,3231,1632,1599
PE_AYA_0802,468,251,217
PE_AYA_0803,445,209,236
PE_AYA_0804,1953,981,972
PE_AYA_0805,613,329,284
PE_AYA_0806,1453,887,566
PE_AYA_0807,419,208,211
PE_AYA_0808,292,148,144
PE_AYA_0809,221,117,104
PE_AYA_0810,514,252,262
PE_AYA_0901,2570,1264,1306
PE_AYA_0902,329,170,159
PE_AYA_0903,478,241,237
PE_AYA_0904,496,258,238
PE_AYA_0905,374,171,203
PE_AYA_0906,1240,613,627
PE_AYA_0907,553,275,278
PE_AYA_0908,808,397,411
PE_AYA_0909,978,465,513
PE_AYA_0910,594,290,304
PE_AYA_0911,1025,516,509
PE_AYA_1001,1887,860,1027
PE_AYA_1002,1526,745,781
PE_AYA_1003,630,294,336
PE_AYA_1004,460,222,238
PE_AYA_1005,3977,2209,1768
PE_AYA_1006,1138,510,628
PE_AYA_1007,1011,474,537
PE_AYA_1008,1089,517,572
PE_AYA_1009,1294,596,698
PE_AYA_1010,2092,986,1106
PE_AYA_1011,2616,1264,1352
PE_AYA_1012,2389,1108,1281
PE_AYA_1101,6370,3029,3341
PE_AYA_1102,886,411,475
PE_AYA_1103,819,388,431
PE_AYA_1104,1577,757,820
PE_AYA_1105,1340,640,700
PE_AYA_1106,1105,528,577
PE_AYA_1107,1038,503,535
PE_AYA_1108,3726,1814,1912
PE_CAJ,1341012,657634,683378
PE_CAJ_0101,218741,104808,113933
PE_CAJ_0102,7939,3720,4219
PE_CAJ_0103,3660,1641,2019
PE_CAJ_0104,6760,3362,3398
PE_CAJ_0105,19175,9056,10119
PE_CAJ_0106,15020,7166,7854
PE_CAJ_0107,5639,2631,3008
PE_CAJ_0108,46149,22199,23950
PE_CAJ_0109,8271,4000,4271
PE_CAJ_0110,3469,1634,1835
PE_CAJ_0111,9267,4396,4871
PE_CAJ_0112,4343,2120,2223
PE_CAJ_0201,31222,14809,16413
PE_CAJ_0202,23524,12225,11299
PE_CAJ_0203,13406,6475,6931
PE_CAJ_0204,7535,3711,3824
PE_CAJ_0301,26925,12781,14144
PE_CAJ_0302,2600,1356,1244
PE_CAJ_0303,6746,3300,3446
PE_CAJ_0304,10657,5187,5470
PE_CAJ_0305,441,212,229
PE_CAJ_0306,2558,1223,1335
PE_CAJ_0307,3870,1834,2036
PE_CAJ_0308,5394,2671,2723
PE_CAJ_0309,7352,3502,3850
PE_CAJ_0310,5055,2449,2606
PE_CAJ_0311,1052,544,508
PE_CAJ_0312,6434,3121,3313
PE_CAJ_0401,47279,21826,25453
PE_CAJ_0402,3211,1566,1645
PE_CAJ_0403,3449,1674,1775
PE_CAJ_0404,3641,1777,1864
PE_CAJ_0405,2199,1095,1104
PE_CAJ_0406,2336,1166,1170
PE_CAJ_0407,5546,2685,2861
PE_CAJ_0408,5643,2710,2933
PE_CAJ_0409,7972,3833,4139
PE_CAJ_0410,11093,5230,5863
PE_CAJ_0411,7075,3452,3623
PE_CAJ_0412,3203,1633,1570
PE_CAJ_0413,4445,2127,2318
PE_CAJ_0414,1214,628,586
PE_CAJ_0415,8023,3952,4071
PE_CAJ_0416,958,492,466
PE_CAJ_0417,15704,7668,8036
PE_CAJ_0418,859,452,407
PE_CAJ_0419,9134,4261,4873
PE_CAJ_0501,7461,3673,3788
PE_CAJ_0502,2635,1278,1357
PE_CAJ_0503,1338,700,638
PE_CAJ_0504,2679,1296,1383
PE_CAJ_0505,3399,1748,1651
PE_CAJ_0506,994,523,471
PE_CAJ_0507,2461,1259,1202
PE_CAJ_0508,6726,3315,3411
PE_CAJ_0601,50905,24464,26441
PE_CAJ_0602,9361,4823,4538
PE_CAJ_0603,2878,1483,1395
PE_CAJ_0604,2330,1152,1178
PE_CAJ_0605,3652,1842,1810
PE_CAJ_0606,5100,2638,2462
PE_CAJ_0607,12987,6504,6483
PE_CAJ_0608,4172,2102,2070
PE_CAJ_0609,1858,944,914
PE_CAJ_0610,3000,1472,1528
PE_CAJ_0611,2622,1302,1320
PE_CAJ_0612,4701,2376,2325
PE_CAJ_0613,6988,3555,3433
PE_CAJ_0614,9054,4390,4664
PE_CAJ_0615,1115,561,554
PE_CAJ_0701,59913,27910,32003
PE_CAJ_0702,2920,1409,1511
PE_CAJ_0703,15111,8249,6862
PE_CAJ_0801,94153,46876,47277
PE_CAJ_0802,15447,8039,7408
PE_CAJ_0803,9810,5030,4780
PE_CAJ_0804,10238,5314,4924
PE_CAJ_0805,7642,3918,3724
PE_CAJ_0806,4275,2184,2091
PE_CAJ_0807,8344,4231,4113
PE_CAJ_0808,6834,3400,3434
PE_CAJ_0809,7033,3582,3451
PE_CAJ_0810,4693,2430,2263
PE_CAJ_0811,6960,3580,3380
PE_CAJ_0812,10003,5237,4766
PE_CAJ_0901,34659,17797,16862
PE_CAJ_0902,14592,7708,6884
PE_CAJ_0903,18012,9363,8649
PE_CAJ_0904,19562,10203,9359
PE_CAJ_0905,9098,4773,4325
PE_CAJ_0906,17046,8983,8063
PE_CAJ_0907,17651,8970,8681
PE_CAJ_1001,19870,9738,10132
PE_CAJ_1002,2965,1441,1524
PE_CAJ_1003,2664,1298,1366
PE_CAJ_1004,5136,2514,2622
PE_CAJ_1005,1901,909,992
PE_CAJ_1006,3544,1734,1810
PE_CAJ_1007,12023,6004,6019
PE_CAJ_1101,13432,6428,7004
PE_CAJ_1102,1319,658,661
PE_CAJ_1103,4094,1916,2178
PE_CAJ_1104,2747,1361,1386
PE_CAJ_1105,1627,783,844
PE_CAJ_1106,2165,1089,1076
PE_CAJ_1107,4481,2123,2358
PE_CAJ_1108,1290,645,645
PE_CAJ_1109,3293,1561,1732
PE_CAJ_1110,2229,1154,1075
PE_CAJ_1111,3652,1750,1902
PE_CAJ_1112,2688,1322,1366
PE_CAJ_1113,3026,1508,1518
PE_CAJ_1201,12463,5834,6629
PE_CAJ_1202,4294,2120,2174
PE_CAJ_1203,958,477,481
PE_CAJ_1204,3387,1583,1804
PE_CAJ_1301,9226,4431,4795
PE_CAJ_1302,1337,637,700
PE_CAJ_1303,8958,4941,4017
PE_CAJ_1304,3355,1646,1709
PE_CAJ_1305,2321,1144,1177
PE_CAJ_1306,2097,1032,1065
PE_CAJ_1307,3896,1939,1957
PE_CAJ_1308,1446,688,758
PE_CAJ_1309,425,276,149
PE_CAJ_1310,1259,644,615
PE_CAJ_1311,2844,1360,1484
PE_CAL,994494,485782,508712
PE_CAL_0101,451260,221758,229502
PE_CAL_0102,74851,35673,39178
PE_CAL_0103,42240,20586,21654
PE_CAL_0104,61417,29085,32332
PE_CAL_0105,3829,1756,2073
PE_CAL_0106,315600,154802,160798
PE_CAL_0107,45297,22122,23175
PE_CUS,1205527,596525,609002
PE_CUS_0101,114630,55029,59601
PE_CUS_0102,2246,1107,1139
PE_CUS_0103,2436,1220,1216
PE_CUS_0104,57075,28987,28088
PE_CUS_0105,112536,53991,58545
PE_CUS_0106,94756,45838,48918
PE_CUS_0107,5368,2606,2762
PE_CUS_0108,58541,27621,30920
PE_CUS_0201,4532,2228,2304
PE_CUS_0202,2650,1233,1417
PE_CUS_0203,2242,1145,1097
PE_CUS_0204,1096,544,552
PE_CUS_0205,7206,3510,3696
PE_CUS_0206,1938,978,960
PE_CUS_0207,3276,1577,1699
PE_CUS_0301,21674,10446,11228
PE_CUS_0302,6784,3314,3470
PE_CUS_0303,2382,1169,1213
PE_CUS_0304,4026,2074,1952
PE_CUS_0305,4533,2235,2298
PE_CUS_0306,7255,3610,3645
PE_CUS_0307,3111,1574,1537
PE_CUS_0308,2990,1568,1422
PE_CUS_0309,3451,1721,1730
PE_CUS_0401,20628,9974,10654
PE_CUS_0402,3443,1677,1766
PE_CUS_0403,5313,2625,2688
PE_CUS_0404,5753,2808,2945
PE_CUS_0405,9884,4871,5013
PE_CUS_0406,5232,2542,2690
PE_CUS_0407,4312,2111,2201
PE_CUS_0408,8590,4484,4106
PE_CUS_0501,8659,4230,4429
PE_CUS_0502,4985,2442,2543
PE_CUS_0503,4747,2321,2426
PE_CUS_0504,1984,969,1015
PE_CUS_0505,5171,2580,2591
PE_CUS_0506,1838,871,967
PE_CUS_0507,2577,1247,1330
PE_CUS_0508,2523,1289,1234
PE_CUS_0601,57827,27774,30053
PE_CUS_0602,4720,2261,2459
PE_CUS_0603,4587,2237,2350
PE_CUS_0604,9600,4496,5104
PE_CUS_0605,7170,3441,3729
PE_CUS_0606,4224,2037,2187
PE_CUS_0607,2617,1245,1372
PE_CUS_0608,5029,2370,2659
PE_CUS_0701,21728,10687,11041
PE_CUS_0702,3866,1970,1896
PE_CUS_0703,6244,3099,3145
PE_CUS_0704,6897,3447,3450
PE_CUS_0705,11690,5838,5852
PE_CUS_0706,4368,2183,2185
PE_CUS_0707,3786,1933,1853
PE_CUS_0708,7831,4607,3224
PE_CUS_0801,34861,18173,16688
PE_CUS_0802,870,433,437
PE_CUS_0803,9627,4838,4789
PE_CUS_0804,1019,518,501
PE_CUS_0805,4823,2464,2359
PE_CUS_0806,2805,1341,1464
PE_CUS_0807,1643,827,816
PE_CUS_0808,1934,943,991
PE_CUS_0901,27999,13972,14027
PE_CUS_0902,23214,12825,10389
PE_CUS_0903,4773,2453,2320
PE_CUS_0904,4134,2011,2123
PE_CUS_0905,4327,2309,2018
PE_CUS_0906,13311,7048,6263
PE_CUS_0907,15962,8121,7841
PE_CUS_0908,5972,3093,2879
PE_CUS_0909,9557,4836,4721
PE_CUS_0910,22691,12151,10540
PE_CUS_0911,4285,2267,2018
PE_CUS_0912,1980,1083,897
PE_CUS_0913,1974,1047,927
PE_CUS_0914,6969,4399,2570
PE_CUS_1001,3205,1639,1566
PE_CUS_1002,3028,1500,1528
PE_CUS_1003,3079,1544,1535
PE_CUS_1004,963,505,458
PE_CUS_1005,4867,2448,2419
PE_CUS_1006,5443,2695,2748
PE_CUS_1007,2032,1020,1012
PE_CUS_1008,1026,509,517
PE_CUS_1009,1924,959,965
PE_CUS_1101,11871,5948,5923
PE_CUS_1102,2716,1360,1356
PE_CUS_1103,8433,4209,4224
PE_CUS_1104,8170,4011,4159
PE_CUS_1105,6911,3439,3472
PE_CUS_1106,4403,2332,2071
PE_CUS_1201,10614,5059,5555
PE_CUS_1202,5797,2859,2938
PE_CUS_1203,2219,1179,1040
PE_CUS_1204,2863,1450,1413
PE_CUS_1205,13295,6366,6929
PE_CUS_1206,4221,2035,2186
PE_CUS_1207,4505,2198,2307
PE_CUS_1208,4606,2269,2337
PE_CUS_1209,4307,2167,2140
PE_CUS_1210,15223,7518,7705
PE_CUS_1211,9444,4678,4766
PE_CUS_1212,10336,5125,5211
PE_CUS_1301,20082,9801,10281
PE_CUS_1302,10477,5136,5341
PE_CUS_1303,5499,2775,2724
PE_CUS_1304,5347,2942,2405
PE_CUS_1305,5946,2934,3012
PE_CUS_1306,10165,5207,4958
PE_CUS_1307,3223,1566,1657
PE_HUC,721047,357169,363878
PE_HUC_0101,89502,43060,46442
PE_HUC_0102,81461,39188,42273
PE_HUC_0103,13135,6533,6602
PE_HUC_0104,15670,7596,8074
PE_HUC_0105,4364,2097,2267
PE_HUC_0106,3453,1713,1740
PE_HUC_0107,4788,2420,2368
PE_HUC_0108,2789,1372,1417
PE_HUC_0109,19226,9489,9737
PE_HUC_0110,1545,757,788
PE_HUC_0111,43818,22810,21008
PE_HUC_0112,5296,2605,2691
PE_HUC_0113,8350,4210,4140
PE_HUC_0201,20886,10125,10761
PE_HUC_0202,2502,1216,1286
PE_HUC_0203,1731,780,951
PE_HUC_0204,4441,2203,2238
PE_HUC_0205,7449,3716,3733
PE_HUC_0206,1561,794,767
PE_HUC_0207,8928,4472,4456
PE_HUC_0208,3382,1658,1724
PE_HUC_0301,6634,3142,3492
PE_HUC_0307,3364,1547,1817
PE_HUC_0311,5571,2742,2829
PE_HUC_0313,5393,2682,2711
PE_HUC_0316,1228,618,610
PE_HUC_0317,5320,2533,2787
PE_HUC_0321,1696,809,887
PE_HUC_0322,1814,878,936
PE_HUC_0323,2238,1073,1165
PE_HUC_0401,5868,2884,2984
PE_HUC_0402,2718,1267,1451
PE_HUC_0403,1576,847,729
PE_HUC_0404,6389,3143,3246
PE_HUC_0501,13403,6397,7006
PE_HUC_0502,1356,682,674
PE_HUC_0503,3793,1845,1948
PE_HUC_0504,5603,2703,2900
PE_HUC_0505,1412,720,692
PE_HUC_0506,3127,1523,1604
PE_HUC_0507,12368,6380,5988
PE_HUC_0508,2009,999,1010
PE_HUC_0509,4062,1906,2156
PE_HUC_0510,3129,1524,1605
PE_HUC_0511,1777,875,902
PE_HUC_0601,53066,26076,26990
PE_HUC_0602,6142,3192,2950
PE_HUC_0603,3475,1808,1667
PE_HUC_0604,22149,11302,10847
PE_HUC_0605,8951,4427,4524
PE_HUC_0606,10048,4949,5099
PE_HUC_0607,3724,1986,1738
PE_HUC_0608,13568,6977,6591
PE_HUC_0609,4143,2176,1967
PE_HUC_0610,2527,1349,1178
PE_HUC_0701,14150,6838,7312
PE_HUC_0702,5372,2855,2517
PE_HUC_0703,2111,1019,1092
PE_HUC_0704,2790,1521,1269
PE_HUC_0705,2199,1213,986
PE_HUC_0801,17449,8518,8931
PE_HUC_0802,10103,5219,4884
PE_HUC_0803,10552,5149,5403
PE_HUC_0804,11055,5459,5596
PE_HUC_0901,9407,4892,4515
PE_HUC_0902,7101,3909,3192
PE_HUC_0903,4814,2649,2165
PE_HUC_0904,5447,3056,2391
PE_HUC_0905,5769,3034,2735
PE_HUC_1001,4193,1942,2251
PE_HUC_1002,1956,949,1007
PE_HUC_1003,1011,491,520
PE_HUC_1004,1009,513,496
PE_HUC_1005,3595,1698,1897
PE_HUC_1006,1296,619,677
PE_HUC_1007,5853,3460,2393
PE_HUC_1101,4789,2263,2526
PE_HUC_1102,1156,544,612
PE_HUC_1103,1110,523,587
PE_HUC_1104,4735,2243,2492
PE_HUC_1105,1110,537,573
PE_HUC_1106,3845,1798,2047
PE_HUC_1107,1128,515,613
PE_HUC_1108,2024,968,1056
PE_HUV,347639,168842,178797
PE_HUV_0101,39776,19064,20712
PE_HUV_0102,2020,1024,996
PE_HUV_0103,17800,8436,9364
PE_HUV_0104,851,406,445
PE_HUV_0105,1137,553,584
PE_HUV_0106,1875,1023,852
PE_HUV_0107,637,275,362
PE_HUV_0108,846,408,438
PE_HUV_0109,746,369,377
PE_HUV_0110,953,448,505
PE_HUV_0111,509,247,262
PE_HUV_0112,982,447,535
PE_HUV_0113,1686,808,878
PE_HUV_0114,2005,954,1051
PE_HUV_0115,500,245,255
PE_HUV_0116,1891,867,1024
PE_HUV_0117,19237,9206,10031
PE_HUV_0118,15566,7571,7995
PE_HUV_0119,6037,2896,3141
PE_HUV_0201,8980,4280,4700
PE_HUV_0202,3223,1550,1673
PE_HUV_0203,4540,2115,2425
PE_HUV_0204,1842,919,923
PE_HUV_0205,1529,767,762
PE_HUV_0206,10415,4955,5460
PE_HUV_0207,2829,1369,1460
PE_HUV_0208,4850,2291,2559
PE_HUV_0301,22991,11013,11978
PE_HUV_0302,7115,3507,3608
PE_HUV_0303,625,290,335
PE_HUV_0304,2956,1501,1455
PE_HUV_0305,943,472,471
PE_HUV_0306,3544,1662,1882
PE_HUV_0307,1337,613,724
PE_HUV_0308,1111,543,568
PE_HUV_0309,1736,891,845
PE_HUV_0310,2323,1153,1170
PE_HUV_0311,1436,700,736
PE_HUV_0312,3090,1569,1521
PE_HUV_0401,2929,1378,1551
PE_HUV_0402,977,485,492
PE_HUV_0403,1468,701,767
PE_HUV_0404,903,468,435
PE_HUV_0405,888,439,449
PE_HUV_0406,703,352,351
PE_HUV_0407,919,469,450
PE_HUV_0408,388,218,170
PE_HUV_0409,1142,567,575
PE_HUV_0410,673,347,326
PE_HUV_0411,863,468,395
PE_HUV_0412,648,347,301
PE_HUV_0413,1481,745,736
PE_HUV_0501,5088,2363,2725
PE_HUV_0502,5368,2665,2703
PE_HUV_0503,1979,935,1044
PE_HUV_0504,2429,1175,1254
PE_HUV_0505,1078,531,547
PE_HUV_0506,3372,1584,1788
PE_HUV_0507,4346,2066,2280
PE_HUV_0508,745,391,354
PE_HUV_0509,3445,1832,1613
PE_HUV_0510,1856,903,953
PE_HUV_0511,2832,1380,1452
PE_HUV_0601,2146,1047,1099
PE_HUV_0602,745,372,373
PE_HUV_0603,1005,534,471
PE_HUV_0604,448,212,236
PE_HUV_0605,845,423,422
PE_HUV_0606,812,481,331
PE_HUV_0607,2758,1363,1395
PE_HUV_0608,1032,537,495
PE_HUV_0609,686,354,332
PE_HUV_0610,1358,623,735
PE_HUV_0611,920,479,441
PE_HUV_0612,1054,557,497
PE_HUV_0613,1671,814,857
PE_HUV_0614,376,197,179
PE_HUV_0615,724,366,358
PE_HUV_0616,667,345,322
PE_HUV_0701,10061,4798,5263
PE_HUV_0702,3266,1593,1673
PE_HUV_0703,3522,1668,1854
PE_HUV_0704,3873,1864,2009
PE_HUV_0705,11068,5457,5611
PE_HUV_0706,9089,4460,4629
PE_HUV_0707,3218,1619,1599
PE_HUV_0709,3003,1430,1573
PE_HUV_0710,1480,722,758
PE_HUV_0711,5159,2473,2686
PE_HUV_0713,731,350,381
PE_HUV_0714,3828,1904,1924
PE_HUV_0715,2616,1252,1364
PE_HUV_0716,1813,876,937
PE_HUV_0717,4601,2296,2305
PE_HUV_0718,3010,1541,1469
PE_HUV_0719,3945,2022,1923
PE_HUV_0720,2373,1232,1141
PE_HUV_0721,1300,679,621
PE_HUV_0722,1914,940,974
PE_HUV_0723,1533,746,787
PE_ICA,850765,419754,431011
PE_ICA_0101,150280,74106,76174
PE_ICA_0102,39574,19250,20324
PE_ICA_0103,21963,10771,11192
PE_ICA_0104,4392,2225,2167
PE_ICA_0105,7411,3652,3759
PE_ICA_0106,54047,26431,27616
PE_ICA_0107,6395,3108,3287
PE_ICA_0108,25767,12903,12864
PE_ICA_0109,6987,3462,3525
PE_ICA_0110,13846,6701,7145
PE_ICA_0111,27645,13677,13968
PE_ICA_0112,27387,13284,14103
PE_ICA_0113,4709,2263,2446
PE_ICA_0114,1116,586,530
PE_ICA_0201,66349,31935,34414
PE_ICA_0202,7783,3922,3861
PE_ICA_0203,2071,1780,291
PE_ICA_0204,13009,6341,6668
PE_ICA_0205,12369,6058,6311
PE_ICA_0206,25294,12324,12970
PE_ICA_0207,62604,30988,31616
PE_ICA_0208,1129,564,565
PE_ICA_0209,992,490,502
PE_ICA_0210,29079,14176,14903
PE_ICA_0211,5434,2703,2731
PE_ICA_0301,27632,13726,13906
PE_ICA_0302,1950,1047,903
PE_ICA_0303,3134,1628,1506
PE_ICA_0304,15981,8692,7289
PE_ICA_0305,20460,10148,10312
PE_ICA_0401,7748,3871,3877
PE_ICA_0402,1555,769,786
PE_ICA_0403,2658,1385,1273
PE_ICA_0404,927,461,466
PE_ICA_0405,344,184,160
PE_ICA_0501,67467,32748,34719
PE_ICA_0502,1379,713,666
PE_ICA_0503,5408,2701,2707
PE_ICA_0504,12987,6560,6427
PE_ICA_0505,7147,3689,3458
PE_ICA_0506,13767,6852,6915
PE_ICA_0507,24814,12236,12578
PE_ICA_0508,17775,8644,9131
PE_JUN,1246038,608932,637106
PE_JUN_0101,119993,56295,63698
PE_JUN_0104,506,238,268
PE_JUN_0105,959,447,512
PE_JUN_0106,741,355,386
PE_JUN_0107,91851,43611,48240
PE_JUN_0108,1484,755,729
PE_JUN_0111,1946,905,1041
PE_JUN_0112,1017,483,534
PE_JUN_0113,1335,650,685
PE_JUN_0114,166359,78351,88008
PE_JUN_0116,1366,613,753
PE_JUN_0117,5251,2493,2758
PE_JUN_0119,24830,11724,13106
PE_JUN_0120,829,419,410
PE_JUN_0121,9800,4550,5250
PE_JUN_0122,2376,1084,1292
PE_JUN_0124,5130,2545,2585
PE_JUN_0125,20055,9480,10575
PE_JUN_0126,4748,2215,2533
PE_JUN_0127,1852,877,975
PE_JUN_0128,3904,1760,2144
PE_JUN_0129,15281,7200,8081
PE_JUN_0130,11601,5368,6233
PE_JUN_0132,5512,2579,2933
PE_JUN_0133,21096,10018,11078
PE_JUN_0134,16932,7965,8967
PE_JUN_0135,6222,3264,2958
PE_JUN_0136,2639,1229,1410
PE_JUN_0201,15428,7255,8173
PE_JUN_0202,1642,810,832
PE_JUN_0203,3502,1694,1808
PE_JUN_0204,2550,1177,1373
PE_JUN_0205,1923,981,942
PE_JUN_0206,5377,2624,2753
PE_JUN_0207,972,437,535
PE_JUN_0208,1478,687,791
PE_JUN_0209,1394,704,690
PE_JUN_0210,5537,2572,2965
PE_JUN_0211,1382,632,750
PE_JUN_0212,2287,1076,1211
PE_JUN_0213,4738,2291,2447
PE_JUN_0214,5398,2545,2853
PE_JUN_0215,1983,938,1045
PE_JUN_0301,27790,14231,13559
PE_JUN_0302,52874,27083,25791
PE_JUN_0303,39054,20265,18789
PE_JUN_0304,4157,2247,1910
PE_JUN_0305,25800,12797,13003
PE_JUN_0306,1814,1052,762
PE_JUN_0401,17908,8548,9360
PE_JUN_0402,6077,2866,3211
PE_JUN_0403,4284,2042,2242
PE_JUN_0404,1264,589,675
PE_JUN_0405,1601,791,810
PE_JUN_0406,1410,690,720
PE_JUN_0407,2598,1194,1404
PE_JUN_0408,1646,770,876
PE_JUN_0409,1000,479,521
PE_JUN_0410,2041,994,1047
PE_JUN_0411,558,235,323
PE_JUN_0412,745,344,401
PE_JUN_0413,1553,759,794
PE_JUN_0414,1143,556,587
PE_JUN_0415,1451,673,778
PE_JUN_0416,1732,822,910
PE_JUN_0417,732,358,374
PE_JUN_0418,1573,786,787
PE_JUN_0419,1662,864,798
PE_JUN_0420,1017,464,553
PE_JUN_0421,2335,1065,1270
PE_JUN_0422,892,435,457
PE_JUN_0423,1450,708,742
PE_JUN_0424,1226,586,640
PE_JUN_0425,1153,534,619
PE_JUN_0426,1427,685,742
PE_JUN_0427,1296,643,653
PE_JUN_0428,2538,1172,1366
PE_JUN_0429,702,347,355
PE_JUN_0430,3060,1427,1633
PE_JUN_0431,4056,1947,2109
PE_JUN_0432,1038,521,517
PE_JUN_0433,1097,543,554
PE_JUN_0434,8992,4234,4758
PE_JUN_0501,10976,5129,5847
PE_JUN_0502,6638,3170,3468
PE_JUN_0503,1236,593,643
PE_JUN_0504,4283,2168,2115
PE_JUN_0601,37075,18874,18201
PE_JUN_0602,5778,2912,2866
PE_JUN_0603,6544,3407,3137
PE_JUN_0604,35719,18299,17420
PE_JUN_0605,3690,1994,1696
PE_JUN_0606,54240,28384,25856
PE_JUN_0607,30651,15543,15108
PE_JUN_0608,26036,13371,12665
PE_JUN_0609,4252,2449,1803
PE_JUN_0701,47775,22488,25287
PE_JUN_0702,9500,4661,4839
PE_JUN_0703,1899,905,994
PE_JUN_0704,9901,4946,4955
PE_JUN_0705,3514,1753,1761
PE_JUN_0706,5543,2771,2772
PE_JUN_0707,3438,1690,1748
PE_JUN_0708,3547,1696,1851
PE_JUN_0709,4473,2289,2184
PE_JUN_0801,14021,6916,7105
PE_JUN_0802,687,326,361
PE_JUN_0803,1947,1271,676
PE_JUN_0804,835,451,384
PE_JUN_0805,5155,3486,1669
PE_JUN_0806,1633,823,810
PE_JUN_0807,1104,688,416
PE_JUN_0808,8977,4431,4546
PE_JUN_0809,690,342,348
PE_JUN_0810,5341,3541,1800
PE_JUN_0901,20341,9463,10878
PE_JUN_0902,6267,2862,3405
PE_JUN_0903,4537,2121,2416
PE_JUN_0904,2948,1359,1589
PE_JUN_0905,8766,5423,3343
PE_JUN_0906,2228,1045,1183
PE_JUN_0907,2658,1170,1488
PE_JUN_0908,2665,1246,1419
PE_JUN_0909,2578,1234,1344
PE_LAL,1778080,867936,910144
PE_LAL_0101,314939,148180,166759
PE_LAL_0102,190461,91998,98463
PE_LAL_0103,37262,17955,19307
PE_LAL_0104,68409,36059,32350
PE_LAL_0105,189206,90952,98254
PE_LAL_0106,37206,18356,18850
PE_LAL_0107,37436,18123,19313
PE_LAL_0108,3586,1808,1778
PE_LAL_0109,18944,9249,9695
PE_LAL_0110,4061,2071,1990
PE_LAL_0111,68506,32215,36291
PE_LAL_0201,6462,3157,3305
PE_LAL_0202,15267,7484,7783
PE_LAL_0203,9321,4551,4770
PE_LAL_0204,2463,1272,1191
PE_LAL_0205,25913,12595,13318
PE_LAL_0206,8664,4399,4265
PE_LAL_0207,19204,9588,9616
PE_LAL_0208,28492,13969,14523
PE_LAL_0301,4455,2315,2140
PE_LAL_0302,2908,1439,1469
PE_LAL_0303,1914,966,948
PE_LAL_0304,2098,1067,1031
PE_LAL_0305,2246,1147,1099
PE_LAL_0306,836,418,418
PE_LAL_0401,45733,21973,23760
PE_LAL_0402,21056,10499,10557
PE_LAL_0403,11629,5820,5809
PE_LAL_0501,11505,5679,5826
PE_LAL_0502,4866,2457,2409
PE_LAL_0503,6221,3068,3153
PE_LAL_0504,5432,2779,2653
PE_LAL_0601,24169,11652,12517
PE_LAL_0602,9252,4576,4676
PE_LAL_0604,2420,1227,1193
PE_LAL_0605,3940,2060,1880
PE_LAL_0606,614,325,289
PE_LAL_0608,2693,1346,1347
PE_LAL_0610,523,270,253
PE_LAL_0611,5831,2953,2878
PE_LAL_0613,7032,3453,3579
PE_LAL_0614,21388,10714,10674
PE_LAL_0701,17637,8637,9000
PE_LAL_0702,40217,19325,20892
PE_LAL_0703,4136,2051,2085
PE_LAL_0704,28959,13868,15091
PE_LAL_0705,11948,5889,6059
PE_LAL_0801,12490,5958,6532
PE_LAL_0802,3812,2015,1797
PE_LAL_0803,11678,5777,5901
PE_LAL_0804,5877,2849,3028
PE_LAL_0805,1158,633,525
PE_LAL_0806,3478,1754,1724
PE_LAL_0807,1250,658,592
PE_LAL_0808,18730,11739,6991
PE_LAL_0809,8937,4935,4002
PE_LAL_0810,1656,821,835
PE_LAL_0811,2210,1077,1133
PE_LAL_0812,2779,1370,1409
PE_LAL_0813,2048,1011,1037
PE_LAL_0901,66902,32190,34712
PE_LAL_0902,16769,8145,8624
PE_LAL_0903,8398,4137,4261
PE_LAL_0904,7822,3723,4099
PE_LAL_0905,10431,4976,5455
PE_LAL_0906,12922,6284,6638
PE_LAL_0907,8916,4238,4678
PE_LAL_0908,12245,5973,6272
PE_LAL_1001,18311,9087,9224
PE_LAL_1002,4810,2347,2463
PE_LAL_1003,5319,2596,2723
PE_LAL_1004,1734,841,893
PE_LAL_1005,2339,1090,1249
PE_LAL_1006,12291,6544,5747
PE_LAL_1007,2852,1409,1443
PE_LAL_1008,3240,1639,1601
PE_LAL_1101,13374,6895,6479
PE_LAL_1102,4725,2527,2198
PE_LAL_1103,2407,1354,1053
PE_LAL_1104,6386,3325,3061
PE_LAL_1201,52407,25995,26412
PE_LAL_1202,32842,16486,16356
PE_LAL_1203,7075,3584,3491
PE_LAM,1197260,580725,616535
PE_LAM_0101,270496,127234,143262
PE_LAM_0102,18364,9070,9294
PE_LAM_0103,11993,5774,6219
PE_LAM_0104,2342,1127,1215
PE_LAM_0105,156498,75246,81252
PE_LAM_0106,90912,43614,47298
PE_LAM_0107,9986,4950,5036
PE_LAM_0108,32225,15439,16786
PE_LAM_0109,2458,1232,1226
PE_LAM_0110,8201,4153,4048
PE_LAM_0111,12704,8125,4579
PE_LAM_0112,44602,21461,23141
PE_LAM_0113,15744,7565,8179
PE_LAM_0114,12350,6085,6265
PE_LAM_0115,11617,5737,5880
PE_LAM_0116,14809,7222,7587
PE_LAM_0117,22624,11117,11507
PE_LAM_0118,25267,12283,12984
PE_LAM_0119,8701,4251,4450
PE_LAM_0120,27782,13478,14304
PE_LAM_0201,34229,16375,17854
PE_LAM_0202,11366,5668,5698
PE_LAM_0203,13858,6660,7198
PE_LAM_0204,3808,1911,1897
PE_LAM_0205,19651,9754,9897
PE_LAM_0206,14503,7099,7404
PE_LAM_0301,71425,34353,37072
PE_LAM_0302,1407,692,715
PE_LAM_0303,8856,4348,4508
PE_LAM_0304,17204,8421,8783
PE_LAM_0305,18401,8993,9408
PE_LAM_0306,48209,24046,24163
PE_LAM_0307,29836,14820,15016
PE_LAM_0308,46484,23925,22559
PE_LAM_0309,8060,3991,4069
PE_LAM_0310,12595,6300,6295
PE_LAM_0311,15846,7540,8306
PE_LAM_0312,21847,10666,11181
PE_LIM,910431,457214,453217
PE_LIM_0201,68324,33564,34760
PE_LIM_0202,21453,10600,10853
PE_LIM_0203,17431,8534,8897
PE_LIM_0204,24318,12283,12035
PE_LIM_0205,12855,6250,6605
PE_LIM_0301,2082,1045,1037
PE_LIM_0302,858,398,460
PE_LIM_0303,1672,857,815
PE_LIM_0304,984,474,510
PE_LIM_0305,963,540,423
PE_LIM_0401,2385,1273,1112
PE_LIM_0402,596,328,268
PE_LIM_0403,686,377,309
PE_LIM_0404,760,386,374
PE_LIM_0405,856,447,409
PE_LIM_0406,555,298,257
PE_LIM_0407,5710,2853,2857
PE_LIM_0501,54775,26517,28258
PE_LIM_0502,9784,4864,4920
PE_LIM_0503,2269,1183,1086
PE_LIM_0504,8328,4173,4155
PE_LIM_0505,21573,10999,10574
PE_LIM_0506,1043,528,515
PE_LIM_0507,38925,19130,19795
PE_LIM_0508,4393,2179,2214
PE_LIM_0509,32717,16438,16279
PE_LIM_0510,26233,13772,12461
PE_LIM_0511,1686,834,852
PE_LIM_0512,16091,7903,8188
PE_LIM_0513,4343,2144,2199
PE_LIM_0514,13436,6577,6859
PE_LIM_0515,3103,1612,1491
PE_LIM_0516,1314,708,606
PE_LIM_0601,99915,49245,50670
PE_LIM_0602,687,370,317
PE_LIM_0603,902,479,423
PE_LIM_0604,19464,11301,8163
PE_LIM_0605,56920,27883,29037
PE_LIM_0606,2037,1064,973
PE_LIM_0607,336,178,158
PE_LIM_0608,1028,520,508
PE_LIM_0609,648,391,257
PE_LIM_0610,830,602,228
PE_LIM_0611,720,388,332
PE_LIM_0612,411,200,211
PE_LIM_0701,4058,2053,2005
PE_LIM_0702,1225,640,585
PE_LIM_0703,798,421,377
PE_LIM_0704,331,168,163
PE_LIM_0705,3826,2565,1261
PE_LIM_0706,449,237,212
PE_LIM_0707,609,314,295
PE_LIM_0708,875,512,363
PE_LIM_0709,1302,627,675
PE_LIM_0710,616,324,292
PE_LIM_0711,889,421,468
PE_LIM_0712,666,338,328
PE_LIM_0713,1357,706,651
PE_LIM_0714,6542,3266,3276
PE_LIM_0715,1320,683,637
PE_LIM_0716,912,606,306
PE_LIM_0717,1139,581,558
PE_LIM_0718,1202,620,582
PE_LIM_0719,699,339,360
PE_LIM_0720,374,194,180
PE_LIM_0721,1223,653,570
PE_LIM_0722,4245,2145,2100
PE_LIM_0723,1335,696,639
PE_LIM_0724,928,462,466
PE_LIM_0725,210,104,106
PE_LIM_0726,630,339,291
PE_LIM_0727,2486,1303,1183
PE_LIM_0728,12636,6175,6461
PE_LIM_0729,320,147,173
PE_LIM_0730,411,222,189
PE_LIM_0731,3125,1620,1505
PE_LIM_0732,1407,734,673
PE_LIM_0801,63142,30535,32607
PE_LIM_0802,2208,1177,1031
PE_LIM_0803,8132,5132,3000
PE_LIM_0804,929,467,462
PE_LIM_0805,28765,13966,14799
PE_LIM_0806,34764,17230,17534
PE_LIM_0807,1867,992,875
PE_LIM_0808,1516,777,739
PE_LIM_0809,775,405,370
PE_LIM_0810,36267,18103,18164
PE_LIM_0811,23408,12012,11396
PE_LIM_0812,25912,12983,12929
PE_LIM_0901,12150,6593,5557
PE_LIM_0902,546,254,292
PE_LIM_0903,576,281,295
PE_LIM_0904,1086,555,531
PE_LIM_0905,855,447,408
PE_LIM_0906,2526,1313,1213
PE_LIM_1001,1481,751,730
PE_LIM_1002,1534,1308,226
PE_LIM_1003,1145,615,530
PE_LIM_1004,565,281,284
PE_LIM_1005,440,234,206
PE_LIM_1006,507,256,251
PE_LIM_1007,162,81,81
PE_LIM_1008,1062,547,515
PE_LIM_1009,801,404,397
PE_LIM_1010,216,106,110
PE_LIM_1011,1109,556,553
PE_LIM_1012,331,164,167
PE_LIM_1013,149,77,72
PE_LIM_1014,596,342,254
PE_LIM_1015,637,321,316
PE_LIM_1016,941,616,325
PE_LIM_1017,432,236,196
PE_LIM_1018,546,261,285
PE_LIM_1019,447,229,218
PE_LIM_1020,570,264,306
PE_LIM_1021,229,106,123
PE_LIM_1022,593,315,278
PE_LIM_1023,498,250,248
PE_LIM_1024,609,308,301
PE_LIM_1025,428,236,192
PE_LIM_1026,166,95,71
PE_LIM_1027,275,150,125
PE_LIM_1028,507,267,240
PE_LIM_1029,499,262,237
PE_LIM_1030,520,264,256
PE_LIM_1031,533,246,287
PE_LIM_1032,1624,777,847
PE_LIM_1033,311,163,148
PE_LMA,8574974,4168563,4406411
PE_LMA_0101,268352,129630,138722
PE_LMA_0102,62928,33578,29350
PE_LMA_0103,599196,293019,306177
PE_LMA_0104,34378,15949,18429
PE_LMA_0105,85309,40081,45228
PE_LMA_0106,333045,163786,169259
PE_LMA_0107,42912,20655,22257
PE_LMA_0108,314241,152926,161315
PE_LMA_0109,34684,17232,17452
PE_LMA_0110,520450,254512,265938
PE_LMA_0111,198862,97512,101350
PE_LMA_0112,211360,103694,107666
PE_LMA_0113,75359,33692,41667
PE_LMA_0114,140679,65682,74997
PE_LMA_0115,173630,85108,88522
PE_LMA_0116,54711,25085,29626
PE_LMA_0117,325884,156847,169037
PE_LMA_0118,240814,118926,121888
PE_LMA_0119,89195,44735,44460
PE_LMA_0120,60290,27462,32828
PE_LMA_0121,83323,37628,45695
PE_LMA_0122,99337,45152,54185
PE_LMA_0123,110071,54262,55809
PE_LMA_0124,14891,7501,7390
PE_LMA_0125,329675,162895,166780
PE_LMA_0126,15874,8159,7715
PE_LMA_0127,7074,3554,3520
PE_LMA_0128,174785,85138,89647
PE_LMA_0129,7482,3728,3754
PE_LMA_0130,113247,51704,61543
PE_LMA_0131,60735,26906,33829
PE_LMA_0132,1038495,518537,519958
PE_LMA_0133,355219,173683,181536
PE_LMA_0134,52082,25081,27001
PE_LMA_0135,654083,317786,336297
PE_LMA_0136,155384,72499,82885
PE_LMA_0137,196214,96080,100134
PE_LMA_0138,999,513,486
PE_LMA_0139,27863,13840,14023
PE_LMA_0140,329152,152312,176840
PE_LMA_0141,91023,42439,48584
PE_LMA_0142,393254,193833,199421
PE_LMA_0143,398433,195222,203211
PE_LOR,883510,443797,439713
PE_LOR_0101,146853,72148,74705
PE_LOR_0102,2855,1509,1346
PE_LOR_0103,13875,7398,6477
PE_LOR_0104,10134,5286,4848
PE_LOR_0105,8032,4252,3780
PE_LOR_0106,12181,6125,6056
PE_LOR_0107,15003,7771,7232
PE_LOR_0108,75210,37028,38182
PE_LOR_0110,4230,2147,2083
PE_LOR_0112,64488,32407,32081
PE_LOR_0113,127005,62320,64685
PE_LOR_0201,83554,41729,41825
PE_LOR_0202,13707,6865,6842
PE_LOR_0205,3900,1985,1915
PE_LOR_0206,12033,6107,5926
PE_LOR_0210,3967,2087,1880
PE_LOR_0211,5564,2947,2617
PE_LOR_0301,29963,14948,15015
PE_LOR_0302,6085,3219,2866
PE_LOR_0303,6448,3384,3064
PE_LOR_0304,8396,4414,3982
PE_LOR_0305,11545,5885,5660
PE_LOR_0401,19178,9918,9260
PE_LOR_0402,11079,5769,5310
PE_LOR_0403,8366,4307,4059
PE_LOR_0404,10449,5413,5036
PE_LOR_0501,25313,12444,12869
PE_LOR_0502,1515,798,717
PE_LOR_0503,2566,1312,1254
PE_LOR_0504,6089,3206,2883
PE_LOR_0505,7304,3799,3505
PE_LOR_0506,4372,2293,2079
PE_LOR_0507,3365,1767,1598
PE_LOR_0508,569,325,244
PE_LOR_0509,881,484,397
PE_LOR_0510,4608,2390,2218
PE_LOR_0511,1929,975,954
PE_LOR_0601,23883,11926,11957
PE_LOR_0602,1738,942,796
PE_LOR_0603,3697,1953,1744
PE_LOR_0604,5388,2846,2542
PE_LOR_0605,13464,7033,6431
PE_LOR_0606,6467,3331,3136
PE_LOR_0701,12742,6493,6249
PE_LOR_0702,6336,3140,3196
PE_LOR_0703,8421,4292,4129
PE_LOR_0704,4191,2152,2039
PE_LOR_0705,5078,2523,2555
PE_LOR_0706,11714,5786,5928
PE_LOR_0801,3666,1948,1718
PE_LOR_0802,520,301,219
PE_LOR_0803,2317,1265,1052
PE_LOR_0804,1277,705,572
PE_MDD,141070,73828,67242
PE_MDD_0101,81925,42182,39743
PE_MDD_0102,11570,6071,5499
PE_MDD_0103,12644,6595,6049
PE_MDD_0104,5335,2784,2551
PE_MDD_0201,2356,1274,1082
PE_MDD_0202,1402,725,677
PE_MDD_0203,6217,3319,2898
PE_MDD_0204,8574,4740,3834
PE_MDD_0301,2391,1389,1002
PE_MDD_0302,5791,3159,2632
PE_MDD_0303,2865,1590,1275
PE_MOQ,174863,88129,86734
PE_MOQ_0101,65808,32482,33326
PE_MOQ_0102,2366,1293,1073
PE_MOQ_0103,761,413,348
PE_MOQ_0104,8480,4402,4078
PE_MOQ_0105,1736,901,835
PE_MOQ_0106,6198,3981,2217
PE_MOQ_0201,3158,1634,1524
PE_MOQ_0202,708,368,340
PE_MOQ_0203,948,477,471
PE_MOQ_0204,2901,1495,1406
PE_MOQ_0205,626,338,288
PE_MOQ_0206,570,315,255
PE_MOQ_0207,455,227,228
PE_MOQ_0208,2376,1194,1182
PE_MOQ_0209,518,274,244
PE_MOQ_0210,1741,890,851
PE_MOQ_0211,864,436,428
PE_MOQ_0301,66479,32932,33547
PE_MOQ_0302,3717,1876,1841
PE_MOQ_0303,4453,2201,2252
PE_PAS,254065,128111,125954
PE_PAS_0101,25627,11946,13681
PE_PAS_0102,4333,2174,2159
PE_PAS_0103,6925,3275,3650
PE_PAS_0104,9577,5547,4030
PE_PAS_0105,3877,1852,2025
PE_PAS_0106,1738,863,875
PE_PAS_0107,11216,5708,5508
PE_PAS_0108,4459,2564,1895
PE_PAS_0109,12663,6249,6414
PE_PAS_0110,3261,1570,1691
PE_PAS_0111,6755,3855,2900
PE_PAS_0112,3392,1896,1496
PE_PAS_0113,29192,14304,14888
PE_PAS_0201,11333,5524,5809
PE_PAS_0202,2006,969,1037
PE_PAS_0203,1535,737,798
PE_PAS_0204,1776,837,939
PE_PAS_0205,1348,665,683
PE_PAS_0206,21217,10796,10421
PE_PAS_0207,2426,1204,1222
PE_PAS_0208,1939,970,969
PE_PAS_0301,15677,7763,7914
PE_PAS_0302,5334,2665,2669
PE_PAS_0303,6661,3515,3146
PE_PAS_0304,7130,3758,3372
PE_PAS_0305,4511,2310,2201
PE_PAS_0306,17249,8822,8427
PE_PAS_0307,17274,8728,8546
PE_PAS_0308,13634,7045,6589
PE_PIU,1856809,918850,937959
PE_PIU_0101,158495,75971,82524
PE_PIU_0104,160201,79421,80780
PE_PIU_0105,75870,37316,38554
PE_PIU_0107,18671,9431,9240
PE_PIU_0108,5387,2733,2654
PE_PIU_0109,38734,19439,19295
PE_PIU_0110,41742,20582,21160
PE_PIU_0111,26947,13716,13231
PE_PIU_0114,107495,54804,52691
PE_PIU_0115,165779,80179,85600
PE_PIU_0201,30852,15453,15399
PE_PIU_0202,19896,10064,9832
PE_PIU_0203,2405,1231,1174
PE_PIU_0204,5734,2881,2853
PE_PIU_0205,6179,3182,2997
PE_PIU_0206,21257,10644,10613
PE_PIU_0207,9621,4919,4702
PE_PIU_0208,10510,5309,5201
PE_PIU_0209,1654,858,796
PE_PIU_0210,11179,5767,5412
PE_PIU_0301,27599,13327,14272
PE_PIU_0302,7317,3725,3592
PE_PIU_0303,11186,5388,5798
PE_PIU_0304,35548,17773,17775
PE_PIU_0305,3871,1937,1934
PE_PIU_0306,8678,4248,4430
PE_PIU_0307,7140,3565,3575
PE_PIU_0308,10162,4964,5198
PE_PIU_0401,82521,40970,41551
PE_PIU_0402,9410,4770,4640
PE_PIU_0403,7789,3942,3847
PE_PIU_0404,13997,7047,6950
PE_PIU_0405,15239,7612,7627
PE_PIU_0406,8527,4350,4177
PE_PIU_0407,6433,3313,3120
PE_PIU_0408,3650,1851,1799
PE_PIU_0409,5960,2991,2969
PE_PIU_0410,8501,4332,4169
PE_PIU_0501,87979,43032,44947
PE_PIU_0502,2413,1250,1163
PE_PIU_0503,1136,564,572
PE_PIU_0504,14869,7531,7338
PE_PIU_0505,12950,6564,6386
PE_PIU_0506,4923,2462,2461
PE_PIU_0507,5622,2896,2726
PE_PIU_0601,169335,81629,87706
PE_PIU_0602,37530,18395,19135
PE_PIU_0603,20423,10294,10129
PE_PIU_0604,12119,6290,5829
PE_PIU_0605,29569,14922,14647
PE_PIU_0606,9036,4521,4515
PE_PIU_0607,26395,13131,13264
PE_PIU_0608,7047,3527,3520
PE_PIU_0701,98309,49537,48772
PE_PIU_0702,8316,4223,4093
PE_PIU_0703,12486,6018,6468
PE_PIU_0704,1312,722,590
PE_PIU_0705,10699,5433,5266
PE_PIU_0706,13028,6490,6538
PE_PIU_0801,44590,22345,22245
PE_PIU_0802,4798,2418,2380
PE_PIU_0803,6855,3446,3409
PE_PIU_0804,4300,2174,2126
PE_PIU_0805,15630,7540,8090
PE_PIU_0806,3004,1491,1513
PE_PUN,1172697,578383,594314
PE_PUN_0101,135288,66341,68947
PE_PUN_0102,22961,11320,11641
PE_PUN_0103,3452,1620,1832
PE_PUN_0104,4555,2189,2366
PE_PUN_0105,7540,3538,4002
PE_PUN_0106,7019,3281,3738
PE_PUN_0107,6588,3159,3429
PE_PUN_0108,3155,1513,1642
PE_PUN_0109,5144,2434,2710
PE_PUN_0110,4224,2063,2161
PE_PUN_0111,5679,2708,2971
PE_PUN_0112,7121,3509,3612
PE_PUN_0113,2413,1224,1189
PE_PUN_0114,1594,755,839
PE_PUN_0115,2761,1382,1379
PE_PUN_0201,30070,14620,15450
PE_PUN_0202,2826,1398,1428
PE_PUN_0203,7020,3368,3652
PE_PUN_0204,14484,6876,7608
PE_PUN_0205,2931,1390,1541
PE_PUN_0206,6475,3084,3391
PE_PUN_0207,4462,2154,2308
PE_PUN_0208,6445,3125,3320
PE_PUN_0209,3939,1886,2053
PE_PUN_0210,9645,4704,4941
PE_PUN_0211,7298,3456,3842
PE_PUN_0212,4818,2227,2591
PE_PUN_0213,2841,1326,1515
PE_PUN_0214,4407,2045,2362
PE_PUN_0215,2731,1291,1440
PE_PUN_0301,12664,6141,6523
PE_PUN_0302,2138,1081,1057
PE_PUN_0303,9299,5193,4106
PE_PUN_0304,6433,3252,3181
PE_PUN_0305,4240,2135,2105
PE_PUN_0306,9108,4506,4602
PE_PUN_0307,7526,4420,3106
PE_PUN_0308,6090,3130,2960
PE_PUN_0309,6832,3967,2865
PE_PUN_0310,8992,4813,4179
PE_PUN_0401,19773,9492,10281
PE_PUN_0402,13787,6991,6796
PE_PUN_0403,9237,4830,4407
PE_PUN_0404,7346,3760,3586
PE_PUN_0405,8223,4323,3900
PE_PUN_0406,13707,6700,7007
PE_PUN_0407,16929,8478,8451
PE_PUN_0501,46018,22717,23301
PE_PUN_0502,1130,575,555
PE_PUN_0503,10672,5185,5487
PE_PUN_0504,3529,1773,1756
PE_PUN_0505,2529,1278,1251
PE_PUN_0601,18742,8937,9805
PE_PUN_0602,3764,1891,1873
PE_PUN_0603,3083,1519,1564
PE_PUN_0604,2642,1273,1369
PE_PUN_0605,4937,2389,2548
PE_PUN_0606,4079,1985,2094
PE_PUN_0607,13193,6382,6811
PE_PUN_0608,7211,3500,3711
PE_PUN_0701,11206,5257,5949
PE_PUN_0702,5352,2494,2858
PE_PUN_0703,1585,744,841
PE_PUN_0704,2360,1118,1242
PE_PUN_0705,2237,1283,954
PE_PUN_0706,1817,886,931
PE_PUN_0707,2732,1382,1350
PE_PUN_0708,5306,2475,2831
PE_PUN_0709,7028,3278,3750
PE_PUN_0710,1233,610,623
PE_PUN_0801,24452,11702,12750
PE_PUN_0802,5359,3135,2224
PE_PUN_0803,1986,973,1013
PE_PUN_0804,2532,1161,1371
PE_PUN_0805,6947,3398,3549
PE_PUN_0806,8450,4102,4348
PE_PUN_0807,7651,3608,4043
PE_PUN_0808,6197,3029,3168
PE_PUN_0809,3564,1757,1807
PE_PUN_0901,11518,5515,6003
PE_PUN_0902,3151,1534,1617
PE_PUN_0903,2613,1265,1348
PE_PUN_0904,2471,1148,1323
PE_PUN_1001,14753,7162,7591
PE_PUN_1002,12615,7321,5294
PE_PUN_1003,1909,936,973
PE_PUN_1004,5187,2630,2557
PE_PUN_1005,1649,857,792
PE_PUN_1101,228726,111690,117036
PE_PUN_1102,4843,2254,2589
PE_PUN_1103,4567,2085,2482
PE_PUN_1104,6818,3349,3469
PE_PUN_1105,62463,30786,31677
PE_PUN_1201,10266,5119,5147
PE_PUN_1202,5024,2535,2489
PE_PUN_1203,2970,1622,1348
PE_PUN_1204,3863,1858,2005
PE_PUN_1205,5091,2768,2323
PE_PUN_1206,2131,1210,921
PE_PUN_1207,3733,1986,1747
PE_PUN_1208,1936,1024,912
PE_PUN_1209,6604,3652,2952
PE_PUN_1210,9124,5045,4079
PE_PUN_1301,24515,11948,12567
PE_PUN_1302,1782,862,920
PE_PUN_1303,4655,2302,2353
PE_PUN_1304,1270,653,617
PE_PUN_1305,2711,1327,1384
PE_PUN_1306,949,456,493
PE_PUN_1307,1057,490,567
PE_SAM,813381,414775,398606
PE_SAM_0101,76325,38815,37510
PE_SAM_0102,4609,2355,2254
PE_SAM_0103,1675,878,797
PE_SAM_0104,15377,7823,7554
PE_SAM_0105,21514,10742,10772
PE_SAM_0106,2865,1491,1374
PE_SAM_0201,16894,8606,8288
PE_SAM_0202,7639,4002,3637
PE_SAM_0203,13116,6979,6137
PE_SAM_0204,2711,1434,1277
PE_SAM_0205,8640,4424,4216
PE_SAM_0206,6033,3105,2928
PE_SAM_0301,14639,7489,7150
PE_SAM_0302,2330,1229,1101
PE_SAM_0303,10447,5487,4960
PE_SAM_0304,6332,3270,3062
PE_SAM_0305,3004,1564,1440
PE_SAM_0401,13422,6844,6578
PE_SAM_0402,4471,2377,2094
PE_SAM_0403,2106,1089,1017
PE_SAM_0404,4268,2231,2037
PE_SAM_0405,2450,1310,1140
PE_SAM_0406,789,393,396
PE_SAM_0501,14497,7104,7393
PE_SAM_0502,13462,6866,6596
PE_SAM_0503,6429,3350,3079
PE_SAM_0504,9546,4969,4577
PE_SAM_0505,3301,1722,1579
PE_SAM_0506,8086,4157,3929
PE_SAM_0507,3456,1728,1728
PE_SAM_0508,1635,822,813
PE_SAM_0509,1975,977,998
PE_SAM_0510,13879,6966,6913
PE_SAM_0511,5255,2735,2520
PE_SAM_0601,32444,16670,15774
PE_SAM_0602,12705,6709,5996
PE_SAM_0603,8385,4389,3996
PE_SAM_0604,5747,3053,2694
PE_SAM_0605,5345,2818,2527
PE_SAM_0701,10203,5233,4970
PE_SAM_0702,2924,1521,1403
PE_SAM_0703,2126,1080,1046
PE_SAM_0704,865,454,411
PE_SAM_0705,2971,1539,1432
PE_SAM_0706,1192,595,597
PE_SAM_0707,3945,2015,1930
PE_SAM_0708,8554,4497,4057
PE_SAM_0709,3876,2041,1835
PE_SAM_0710,3889,2033,1856
PE_SAM_0801,25521,12672,12849
PE_SAM_0802,7479,3797,3682
PE_SAM_0803,17661,8795,8866
PE_SAM_0804,43476,21765,21711
PE_SAM_0805,16797,8465,8332
PE_SAM_0806,1919,944,975
PE_SAM_0807,3413,1769,1644
PE_SAM_0808,2446,1265,1181
PE_SAM_0809,3832,1952,1880
PE_SAM_0901,76122,37409,38713
PE_SAM_0902,841,447,394
PE_SAM_0903,3604,1819,1785
PE_SAM_0904,9497,4928,4569
PE_SAM_0905,2249,1177,1072
PE_SAM_0906,2399,1304,1095
PE_SAM_0907,4975,2588,2387
PE_SAM_0908,3907,1987,1920
PE_SAM_0909,43481,21956,21525
PE_SAM_0910,33067,16493,16574
PE_SAM_0911,2073,1057,1016
PE_SAM_0912,1674,830,844
PE_SAM_0913,7263,3797,3466
PE_SAM_0914,1943,993,950
PE_SAM_1001,26166,13409,12757
PE_SAM_1002,11456,6136,5320
PE_SAM_1003,10308,5661,4647
PE_SAM_1004,1315,709,606
PE_SAM_1005,20149,10671,9478
PE_TAC,329332,163654,165678
PE_TAC_0101,92972,44800,48172
PE_TAC_0102,34061,16874,17187
PE_TAC_0103,2979,1469,1510
PE_TAC_0104,31866,15705,16161
PE_TAC_0105,2613,1364,1249
PE_TAC_0106,2062,1069,993
PE_TAC_0107,1980,1414,566
PE_TAC_0108,18627,9576,9051
PE_TAC_0109,3227,1751,1476
PE_TAC_0110,110417,53644,56773
PE_TAC_0111,5559,2884,2675
PE_TAC_0201,2354,1210,1144
PE_TAC_0202,988,511,477
PE_TAC_0203,1148,612,536
PE_TAC_0204,377,202,175
PE_TAC_0205,515,262,253
PE_TAC_0206,720,363,357
PE_TAC_0301,2256,1159,1097
PE_TAC_0302,5695,3606,2089
PE_TAC_0303,2822,1751,1071
PE_TAC_0401,3642,2210,1432
PE_TAC_0402,306,162,144
PE_TAC_0403,240,114,126
PE_TAC_0404,162,83,79
PE_TAC_0405,350,176,174
PE_TAC_0406,518,266,252
PE_TAC_0407,295,142,153
PE_TAC_0408,581,275,306
PE_TUM,224863,113519,111344
PE_TUM_0101,102306,51476,50830
PE_TUM_0102,23337,11737,11600
PE_TUM_0103,9507,4792,4715
PE_TUM_0104,6728,3408,3320
PE_TUM_0105,8512,4327,4185
PE_TUM_0106,4572,2308,2264
PE_TUM_0201,12371,6306,6065
PE_TUM_0202,2350,1268,1082
PE_TUM_0203,6336,3289,3047
PE_TUM_0301,21776,10847,10929
PE_TUM_0302,17366,8689,8677
PE_TUM_0303,3428,1827,1601
PE_TUM_0304,6274,3245,3029
PE_UCA,496459,250567,245892
PE_UCA_0101,149999,75297,74702
PE_UCA_0102,16059,8371,7688
PE_UCA_0103,10328,5376,4952
PE_UCA_0104,11147,5928,5219
PE_UCA_0105,103941,51534,52407
PE_UCA_0106,5169,2729,2440
PE_UCA_0107,87525,43282,44243
PE_UCA_0201,32430,16658,15772
PE_UCA_0202,6655,3433,3222
PE_UCA_0203,8264,4158,4106
PE_UCA_0204,1975,1029,946
PE_UCA_0301,29440,15177,14263
PE_UCA_0302,10214,5262,4952
PE_UCA_0303,7722,4149,3573
PE_UCA_0304,7594,3997,3597
PE_UCA_0305,5137,2710,2427
PE_UCA_0401,2860,1477,1383
